0.38438	0.29201	0.35658	0.26873	0.35069	0.35354	0.26114	0.3344	0.25646	0.35828	0.31996	0.31867	0.31836	0.34049	0.31311	0.2918	0.37478	0.35196	0.32555	0.3823	0.36601	0.36457	0.31019	0.32509	0.39275	0.31125	0.3337	0.37854	0.45839	0.32631	0.39632	0.3125	0.38245	0.37702	0.30804	0.2918	0.34905	0.31902	0.35095	0.3411	0.36686	0.43802	0.41424	0.34286	0.33094	0.41425	0.29937
0.35542	0.25634	0.32708	0.27251	0.35679	0.38277	0.26529	0.30175	0.23686	0.35414	0.26837	0.32171	0.34503	0.30802	0.30825	0.28231	0.36139	0.3452	0.31338	0.36769	0.31869	0.36628	0.31459	0.31638	0.39548	0.28385	0.29423	0.39514	0.43288	0.29482	0.36514	0.30829	0.35139	0.37467	0.32495	0.30143	0.31514	0.30207	0.34739	0.33279	0.34212	0.40914	0.40933	0.3651	0.34891	0.37782	0.26124
0.32807	0.25871	0.32791	0.28594	0.32743	0.38745	0.29116	0.2873	0.24962	0.33775	0.25497	0.31762	0.36156	0.30349	0.30122	0.22897	0.3449	0.31801	0.29319	0.34011	0.31368	0.35477	0.31364	0.29292	0.3799	0.29372	0.28239	0.39288	0.41577	0.28536	0.31662	0.29974	0.3168	0.37279	0.35905	0.30363	0.29838	0.29841	0.32714	0.32837	0.37112	0.39128	0.38804	0.37617	0.34107	0.35646	0.24844
0.32328	0.25839	0.30674	0.28044	0.30889	0.37832	0.32896	0.27069	0.2382	0.33266	0.24717	0.3253	0.35193	0.2958	0.27952	0.18346	0.35007	0.32038	0.2917	0.29912	0.32054	0.35059	0.31627	0.30149	0.36702	0.27568	0.2891	0.38366	0.36771	0.31255	0.30895	0.32919	0.29748	0.35942	0.35752	0.31198	0.28247	0.28185	0.34374	0.29335	0.37428	0.3632	0.38775	0.38577	0.34175	0.34873	0.2418
0.29472	0.23605	0.28228	0.255	0.30757	0.37835	0.29899	0.26415	0.23299	0.32885	0.25771	0.35244	0.33394	0.27235	0.27043	0.17576	0.33492	0.32872	0.27769	0.22965	0.2789	0.35453	0.28176	0.30032	0.33212	0.26437	0.2992	0.35522	0.35219	0.32401	0.2751	0.30313	0.27923	0.33376	0.34072	0.30112	0.27643	0.2724	0.3437	0.27185	0.34958	0.34204	0.3854	0.35722	0.38625	0.3417	0.27966
0.26108	0.19534	0.31701	0.22137	0.31594	0.35	0.27145	0.24479	0.25442	0.30059	0.24394	0.3445	0.30565	0.27854	0.26294	0.16952	0.32556	0.30872	0.26433	0.20721	0.23955	0.38176	0.25844	0.28453	0.31557	0.22895	0.30196	0.3331	0.28796	0.31501	0.27724	0.2811	0.26058	0.30766	0.30993	0.30555	0.2945	0.27635	0.3133	0.24923	0.32029	0.35136	0.38027	0.38099	0.38207	0.34635	0.31867
0.24058	0.17564	0.31229	0.19437	0.26748	0.31309	0.27598	0.25437	0.27354	0.26211	0.23477	0.32007	0.26977	0.27979	0.2685	0.21187	0.3453	0.31729	0.25077	0.18314	0.24051	0.39435	0.23276	0.22884	0.3122	0.2242	0.31755	0.34069	0.27216	0.27846	0.28182	0.25562	0.22223	0.30463	0.28003	0.2975	0.28783	0.28302	0.31027	0.25498	0.31427	0.32636	0.35002	0.36991	0.3625	0.35852	0.33611
0.22489	0.14822	0.29768	0.16497	0.20232	0.28064	0.26146	0.27163	0.26879	0.24027	0.24646	0.30971	0.2704	0.29792	0.27069	0.20611	0.35544	0.32947	0.22301	0.18435	0.20762	0.36713	0.20314	0.20574	0.303	0.22531	0.32514	0.32409	0.25464	0.2893	0.29871	0.25312	0.23516	0.31448	0.26178	0.29504	0.28112	0.29803	0.31424	0.25841	0.28113	0.29306	0.319	0.34273	0.34223	0.38336	0.34501
0.22185	0.13082	0.26983	0.15366	0.17347	0.28808	0.27953	0.28225	0.2856	0.2254	0.27755	0.27801	0.27415	0.30273	0.27216	0.23794	0.34735	0.32083	0.19837	0.1943	0.23151	0.31293	0.22338	0.21032	0.31333	0.24413	0.34691	0.29534	0.26821	0.29831	0.30167	0.24739	0.24083	0.31729	0.26267	0.30086	0.28151	0.29272	0.31381	0.28371	0.26043	0.29586	0.2882	0.31708	0.31609	0.40937	0.37111
0.22175	0.14044	0.24688	0.14962	0.1708	0.27889	0.26077	0.2618	0.26709	0.21948	0.2781	0.2476	0.2515	0.26876	0.2594	0.26978	0.31658	0.29504	0.17325	0.23509	0.24524	0.27493	0.21964	0.20235	0.26144	0.2463	0.31253	0.24818	0.26106	0.30695	0.31299	0.24424	0.24758	0.31652	0.26744	0.27949	0.28457	0.29551	0.33235	0.28889	0.22659	0.27706	0.26624	0.27075	0.30423	0.422	0.35324
0.19919	0.18794	0.25104	0.13336	0.1595	0.27848	0.22444	0.23877	0.2547	0.19678	0.23326	0.23284	0.25767	0.23971	0.26175	0.26209	0.27458	0.25945	0.17153	0.27953	0.23885	0.24451	0.19099	0.22018	0.24285	0.24835	0.27684	0.24297	0.26426	0.27804	0.30432	0.22495	0.24274	0.30139	0.30036	0.26182	0.31802	0.29019	0.34188	0.28551	0.23987	0.28569	0.27658	0.28462	0.28695	0.40418	0.30104
0.23023	0.25058	0.21861	0.14119	0.16839	0.25387	0.22758	0.20225	0.22649	0.16879	0.22544	0.20269	0.25507	0.24177	0.23269	0.2688	0.26977	0.26429	0.17531	0.2724	0.24443	0.20457	0.215	0.20147	0.24527	0.25501	0.24493	0.23524	0.28401	0.27326	0.30496	0.22692	0.24413	0.29055	0.31135	0.27744	0.32934	0.26448	0.34097	0.28156	0.24344	0.28711	0.26481	0.27243	0.28518	0.40005	0.22735
0.26305	0.24645	0.19455	0.17106	0.16315	0.24059	0.22632	0.18797	0.2128	0.16944	0.2299	0.19669	0.25267	0.24322	0.22381	0.26219	0.25251	0.25657	0.19388	0.24653	0.23572	0.1655	0.22986	0.2192	0.22058	0.2939	0.20403	0.21308	0.32201	0.27553	0.29454	0.20002	0.23132	0.27975	0.32954	0.30801	0.30221	0.23521	0.3234	0.28466	0.2425	0.27662	0.25362	0.25364	0.30825	0.37613	0.17593
0.2606	0.24211	0.20963	0.16791	0.19177	0.2498	0.18603	0.17459	0.19394	0.16363	0.23675	0.21513	0.25446	0.22743	0.21233	0.2373	0.22063	0.21472	0.17951	0.25837	0.24275	0.15782	0.21773	0.2419	0.18915	0.29613	0.18544	0.19797	0.31347	0.26707	0.28114	0.23324	0.23107	0.27469	0.34187	0.29552	0.28898	0.23939	0.30533	0.25078	0.25509	0.27703	0.25144	0.27022	0.28048	0.33129	0.167
0.23619	0.27039	0.22179	0.16762	0.2249	0.23235	0.1729	0.1771	0.19036	0.1631	0.21481	0.21557	0.24315	0.22957	0.17676	0.24657	0.19913	0.18757	0.19708	0.25293	0.2119	0.18581	0.21959	0.23532	0.16813	0.25522	0.21004	0.20014	0.28582	0.23764	0.29984	0.25398	0.21285	0.22763	0.3292	0.28913	0.24008	0.21936	0.28644	0.22571	0.29242	0.26145	0.25037	0.25232	0.25326	0.30688	0.16137
0.2229	0.28534	0.23031	0.15454	0.21746	0.20221	0.13334	0.20219	0.16093	0.1612	0.21529	0.22791	0.21435	0.24743	0.1892	0.24816	0.19936	0.16086	0.20766	0.22687	0.15196	0.19328	0.19799	0.21127	0.17189	0.24951	0.20397	0.21391	0.25677	0.22972	0.28371	0.26237	0.18596	0.21239	0.31028	0.28962	0.24584	0.18155	0.25152	0.19194	0.30311	0.23741	0.25535	0.26193	0.26272	0.25791	0.14633
0.23714	0.24851	0.25421	0.18396	0.20384	0.19691	0.12505	0.21632	0.14813	0.18894	0.20633	0.24315	0.19727	0.25661	0.16872	0.24725	0.24066	0.15514	0.24982	0.17462	0.12477	0.19941	0.17664	0.18421	0.19072	0.24697	0.23596	0.2532	0.235	0.21259	0.27291	0.23898	0.16514	0.20381	0.25896	0.28784	0.22143	0.15948	0.20913	0.16054	0.29447	0.20541	0.23491	0.31636	0.23512	0.22445	0.15674
0.24011	0.20017	0.26304	0.19708	0.15673	0.17851	0.13318	0.22981	0.14541	0.20179	0.23125	0.24108	0.18359	0.24875	0.17688	0.23397	0.24477	0.17115	0.2565	0.14446	0.14588	0.21848	0.12939	0.14673	0.21279	0.25201	0.21594	0.25092	0.21075	0.17852	0.25399	0.20582	0.14483	0.23409	0.24495	0.2511	0.19739	0.16294	0.19965	0.18981	0.30327	0.19726	0.18565	0.29846	0.232	0.19821	0.18912
0.19668	0.14277	0.23928	0.17811	0.12803	0.17218	0.11821	0.22055	0.17367	0.21497	0.21922	0.22534	0.19813	0.23282	0.20343	0.2224	0.23037	0.17429	0.22883	0.14485	0.16128	0.25432	0.12022	0.14061	0.2165	0.222	0.2057	0.24472	0.19038	0.16899	0.24226	0.18646	0.14297	0.24715	0.23574	0.2398	0.18644	0.15762	0.2174	0.19596	0.30251	0.18106	0.18722	0.28192	0.18141	0.16279	0.19677
0.17943	0.14175	0.23491	0.18653	0.15225	0.17216	0.15236	0.22076	0.19691	0.20629	0.16282	0.21267	0.19953	0.25177	0.21999	0.22913	0.21536	0.20687	0.23862	0.13683	0.16289	0.26404	0.10143	0.1424	0.18585	0.20016	0.21763	0.26166	0.1847	0.17872	0.25911	0.21059	0.1726	0.22903	0.22303	0.23251	0.17228	0.1237	0.21531	0.17804	0.27219	0.1658	0.16952	0.25415	0.19095	0.15348	0.2073
0.18074	0.08908	0.20096	0.2096	0.1443	0.14419	0.16849	0.18918	0.19969	0.21843	0.13123	0.22289	0.18232	0.26111	0.23238	0.22141	0.20077	0.23454	0.26121	0.14955	0.15293	0.24285	0.09812	0.17498	0.21263	0.19285	0.16898	0.25515	0.18061	0.20211	0.2547	0.16799	0.17089	0.2348	0.22434	0.21485	0.17665	0.10224	0.21027	0.17098	0.24947	0.18673	0.1556	0.23342	0.18723	0.12826	0.20239
0.1961	0.06721	0.22215	0.20675	0.13172	0.13282	0.19056	0.15847	0.20171	0.20214	0.12213	0.22769	0.17629	0.22545	0.24503	0.20711	0.23159	0.24964	0.22981	0.17527	0.19501	0.22684	0.09585	0.18015	0.23761	0.18369	0.16639	0.25404	0.24086	0.172	0.24558	0.1576	0.15751	0.24631	0.22237	0.16635	0.2055	0.13057	0.19661	0.18127	0.23421	0.18497	0.15229	0.22834	0.18406	0.12087	0.20234
0.19461	0.07663	0.19115	0.19478	0.14115	0.15425	0.22642	0.15452	0.20503	0.21668	0.12441	0.22697	0.20149	0.2248	0.25939	0.2111	0.24274	0.28227	0.22091	0.20654	0.20318	0.24967	0.09681	0.21537	0.27368	0.16401	0.17083	0.25178	0.25992	0.15836	0.29217	0.17819	0.17763	0.25096	0.24224	0.12894	0.20849	0.15343	0.17289	0.1822	0.18774	0.17241	0.15934	0.22129	0.15705	0.12156	0.17707
0.18831	0.10562	0.21236	0.21158	0.19237	0.1691	0.25013	0.14955	0.2159	0.232	0.13406	0.23874	0.2127	0.25217	0.30923	0.23885	0.22457	0.2988	0.20008	0.2067	0.22422	0.28276	0.0936	0.23486	0.2679	0.14074	0.17775	0.23155	0.27515	0.15712	0.31064	0.20922	0.20236	0.2257	0.27298	0.11225	0.17775	0.16785	0.16657	0.18512	0.15676	0.18113	0.18467	0.19859	0.16554	0.11862	0.12869
0.19812	0.12758	0.23783	0.21241	0.23436	0.18627	0.28777	0.19331	0.21446	0.22987	0.14297	0.27552	0.24319	0.28335	0.31041	0.29934	0.26277	0.32327	0.2363	0.25192	0.2114	0.2999	0.15061	0.24301	0.2902	0.17136	0.19625	0.22537	0.28719	0.15378	0.31642	0.23533	0.22476	0.18855	0.27048	0.11517	0.15756	0.15564	0.1647	0.16402	0.12686	0.19585	0.19044	0.1947	0.16957	0.0849	0.10407
0.24004	0.138	0.29179	0.2446	0.23045	0.21958	0.33474	0.25166	0.22227	0.27367	0.17887	0.31955	0.26091	0.29953	0.28877	0.34649	0.32053	0.33684	0.2925	0.30067	0.2205	0.2926	0.16456	0.26368	0.33203	0.1905	0.19807	0.22577	0.29483	0.17535	0.30609	0.25051	0.19329	0.14327	0.27998	0.1032	0.14567	0.19719	0.15578	0.14168	0.14016	0.17351	0.18412	0.18993	0.16441	0.0708	0.09169
0.28301	0.19119	0.32083	0.25633	0.26225	0.27152	0.39829	0.2853	0.24897	0.32372	0.23091	0.35925	0.3001	0.30113	0.31537	0.39561	0.39562	0.37133	0.29398	0.37335	0.25077	0.32734	0.21536	0.25132	0.38988	0.22584	0.23742	0.23291	0.33103	0.19318	0.26566	0.24561	0.19467	0.14037	0.26433	0.08481	0.17702	0.19556	0.19236	0.12721	0.13875	0.16184	0.18231	0.18706	0.14582	0.05371	0.08052
0.32807	0.28585	0.36341	0.30932	0.32501	0.34908	0.47556	0.37362	0.32956	0.40319	0.30274	0.42311	0.37446	0.39294	0.38456	0.47253	0.46414	0.40634	0.34974	0.43476	0.31697	0.40409	0.26783	0.27786	0.43684	0.27225	0.29833	0.26443	0.3371	0.18294	0.28542	0.27384	0.20277	0.13962	0.25555	0.08354	0.17748	0.20962	0.19483	0.12863	0.14583	0.16306	0.14073	0.15642	0.14553	0.03417	0.06967
0.44067	0.38702	0.42572	0.39126	0.44235	0.43451	0.57862	0.47338	0.44731	0.50648	0.41374	0.50496	0.5098	0.53108	0.46292	0.58967	0.56663	0.49618	0.47163	0.50068	0.38483	0.49935	0.36121	0.35259	0.47283	0.32715	0.35679	0.28346	0.32218	0.22684	0.28752	0.27679	0.21691	0.10312	0.28596	0.12142	0.17793	0.21255	0.20517	0.12918	0.16543	0.17378	0.09383	0.15624	0.1471	0.01466	0.04693
0.56986	0.51566	0.566	0.54721	0.55358	0.55473	0.72787	0.59469	0.60847	0.62892	0.55533	0.6425	0.65594	0.69667	0.59328	0.72545	0.70538	0.62546	0.64738	0.63464	0.54477	0.65165	0.51476	0.47985	0.53547	0.44082	0.4195	0.34234	0.36452	0.27406	0.29209	0.26221	0.24038	0.09555	0.28019	0.18037	0.15548	0.20238	0.21379	0.12801	0.18511	0.18433	0.06953	0.10785	0.11094	0.000323995	0.06099
0.75228	0.72133	0.71288	0.72442	0.74792	0.74775	0.9217	0.79423	0.82244	0.80759	0.7727	0.82838	0.87021	0.90993	0.79955	0.91501	0.90887	0.80715	0.85298	0.82343	0.75127	0.8274	0.71162	0.60997	0.64174	0.55546	0.50439	0.4226	0.43088	0.3294	0.32176	0.27756	0.24581	0.1249	0.26917	0.18023	0.17808	0.17067	0.20012	0.10601	0.19503	0.16794	0.05774	0.08367	0.09913	0.01142	0.08843
1.03308	1.03566	0.91943	1.02137	1.04038	1.05231	1.18498	1.05362	1.1264	1.09632	1.04136	1.10564	1.17953	1.18189	1.11714	1.16187	1.16657	1.06098	1.13398	1.07707	1.00112	1.05632	0.89464	0.81569	0.81242	0.66058	0.64804	0.53644	0.50245	0.40467	0.38467	0.31852	0.26253	0.13636	0.23197	0.18776	0.16906	0.14937	0.18002	0.07691	0.17109	0.16904	0.04598	0.05606	0.09558	0.02354	0.11583
1.37739	1.42259	1.28186	1.38475	1.45626	1.43742	1.52433	1.41913	1.51152	1.48274	1.46168	1.49216	1.57995	1.54193	1.54245	1.51753	1.51572	1.42397	1.49872	1.40858	1.35302	1.38875	1.17765	1.08268	1.00878	0.82731	0.80339	0.68288	0.59702	0.49804	0.49303	0.4097	0.3223	0.15818	0.23049	0.17228	0.17948	0.10923	0.15408	0.07294	0.13367	0.18464	0.02788	0.05174	0.08212	0.02272	0.11715
1.84964	1.88284	1.75757	1.87502	1.93329	1.91806	1.97224	1.902	2.01007	1.96057	1.97697	2.0145	2.08597	2.02341	2.07745	1.97777	1.97304	1.87985	1.95426	1.83274	1.76244	1.77204	1.51781	1.42502	1.28056	1.05252	0.98733	0.8287	0.70433	0.65422	0.64376	0.48402	0.39931	0.16615	0.20938	0.21235	0.17129	0.08141	0.13546	0.09751	0.11678	0.18177	0.02597	0.05152	0.07218	0.02267	0.12415
2.44622	2.50711	2.39698	2.4836	2.52731	2.54929	2.56935	2.52438	2.63915	2.5721	2.59677	2.63775	2.67497	2.62625	2.71409	2.56861	2.53332	2.46746	2.53186	2.38114	2.26969	2.24363	1.94482	1.82984	1.61652	1.32079	1.22498	1.00278	0.85653	0.85943	0.76005	0.59865	0.48481	0.22055	0.22625	0.23192	0.18165	0.0642	0.15144	0.093	0.1236	0.16805	0.03492	0.05223	0.03995	0.04857	0.13469
3.16889	3.26398	3.18348	3.23765	3.28897	3.28551	3.30599	3.3015	3.39587	3.28925	3.32463	3.39235	3.37783	3.32286	3.4722	3.27563	3.22046	3.15439	3.18294	3.01978	2.8702	2.78994	2.46813	2.26082	2.01156	1.63845	1.51109	1.25193	1.08726	1.0711	0.90059	0.72096	0.59093	0.31093	0.23555	0.21863	0.20731	0.0506	0.17476	0.10248	0.13316	0.16597	0.05157	0.03794	0.05904	0.07545	0.16883
4.06863	4.19196	4.08513	4.12721	4.22777	4.19624	4.17742	4.21319	4.28787	4.17373	4.18302	4.26202	4.21808	4.18147	4.31375	4.12563	4.04628	3.94765	3.95168	3.75989	3.54484	3.40005	3.02572	2.7725	2.48268	1.99318	1.82917	1.53275	1.30092	1.32151	1.11146	0.87814	0.66301	0.39155	0.25557	0.23884	0.2342	0.07239	0.18274	0.09867	0.10053	0.15166	0.05192	0.05402	0.05785	0.09085	0.16759
5.09192	5.18208	5.17822	5.14495	5.23177	5.19515	5.14387	5.22595	5.25851	5.1724	5.19248	5.22876	5.18683	5.13683	5.23299	5.0501	4.9556	4.87062	4.85294	4.59773	4.29634	4.12188	3.63893	3.3699	2.96816	2.43752	2.18059	1.81978	1.5062	1.58086	1.31941	1.01409	0.7524	0.45802	0.31251	0.25531	0.20593	0.13289	0.18846	0.11514	0.1145	0.13054	0.0472	0.07091	0.02972	0.13262	0.17139
6.18876	6.26061	6.35351	6.23265	6.32888	6.27289	6.23644	6.32172	6.33921	6.22216	6.31185	6.28986	6.23641	6.21094	6.25657	6.07139	5.95989	5.8389	5.76023	5.51142	5.1706	4.87216	4.35736	3.97696	3.47778	2.93531	2.59669	2.15081	1.72679	1.83875	1.51362	1.14631	0.85526	0.57791	0.3727	0.31314	0.21979	0.16416	0.19023	0.10189	0.1279	0.14423	0.07127	0.0815	0.03285	0.14692	0.15971
7.35926	7.44406	7.54175	7.3909	7.46857	7.40427	7.38683	7.46185	7.45375	7.34279	7.40763	7.32158	7.35855	7.2996	7.27764	7.10298	7.00413	6.87329	6.75821	6.45931	6.06516	5.65727	5.08716	4.59536	3.99413	3.42519	2.99242	2.51719	1.96316	2.11313	1.69556	1.28395	0.93005	0.6942	0.45088	0.36664	0.26364	0.20769	0.19343	0.09265	0.13306	0.17026	0.09753	0.09304	0.03221	0.16924	0.13428
8.51799	8.61726	8.72243	8.58088	8.64757	8.5414	8.52876	8.61551	8.5567	8.47196	8.48795	8.37329	8.43805	8.39508	8.32921	8.19939	8.07536	7.88355	7.74037	7.38881	6.95872	6.49331	5.78736	5.2062	4.51311	3.93607	3.3771	2.84529	2.21624	2.36384	1.89986	1.4187	1.02593	0.78798	0.50975	0.36601	0.28976	0.26923	0.21045	0.07707	0.09296	0.21336	0.14476	0.10039	0.07057	0.20204	0.11168
9.659	9.74843	9.84978	9.71505	9.75936	9.64018	9.64645	9.7081	9.59978	9.57703	9.56733	9.39942	9.51651	9.43491	9.33866	9.21659	9.12174	8.90877	8.70106	8.30753	7.83911	7.30111	6.47152	5.78139	5.03425	4.42036	3.7314	3.14306	2.44324	2.59919	2.10524	1.52696	1.11106	0.86671	0.52939	0.39365	0.31281	0.29962	0.20616	0.10219	0.0626	0.20591	0.17031	0.1039	0.08777	0.24119	0.14161
10.6808	10.7615	10.8738	10.7143	10.7601	10.695	10.6849	10.7052	10.6059	10.5938	10.558	10.4023	10.5376	10.4007	10.3211	10.1977	10.0873	9.87438	9.60245	9.15349	8.65094	8.05099	7.13136	6.33176	5.54324	4.86108	4.08737	3.42544	2.64328	2.84705	2.24627	1.63842	1.19601	0.94103	0.55581	0.46373	0.33765	0.32107	0.22114	0.10427	0.06735	0.23303	0.18362	0.13398	0.09687	0.25447	0.11906
11.6141	11.6478	11.7907	11.6111	11.6317	11.5999	11.6225	11.585	11.4868	11.508	11.4664	11.26	11.4357	11.2769	11.1955	11.0785	10.9618	10.7358	10.4105	9.95919	9.39102	8.73395	7.73416	6.82586	5.98326	5.29195	4.38397	3.7077	2.90813	3.07289	2.39849	1.79567	1.26785	1.00086	0.59862	0.50835	0.40066	0.34427	0.27396	0.12091	0.10286	0.27834	0.20634	0.1401	0.115	0.2613	0.15305
12.4169	12.4228	12.5182	12.4304	12.3877	12.3638	12.4047	12.3124	12.2576	12.2741	12.2069	12.0313	12.1861	12.0582	11.9899	11.8772	11.7349	11.5028	11.147	10.6399	10.034	9.33298	8.3059	7.28255	6.40346	5.65526	4.68219	3.95082	3.15017	3.30665	2.5691	1.94516	1.37203	1.05185	0.65295	0.56336	0.48044	0.35762	0.31317	0.16995	0.12677	0.28785	0.22259	0.15998	0.14501	0.27278	0.16174
13.0634	13.07	13.1261	13.1021	12.9822	12.9967	12.999	12.9214	12.8621	12.9023	12.7888	12.7164	12.8174	12.6911	12.6293	12.5537	12.4221	12.1531	11.7887	11.2407	10.5669	9.91296	8.77906	7.68789	6.75985	5.99455	4.93586	4.16036	3.37359	3.53758	2.71076	2.04403	1.46923	1.10188	0.69068	0.59396	0.51641	0.39356	0.37155	0.26642	0.2026	0.31963	0.25355	0.22623	0.16412	0.30287	0.18731
13.5249	13.6136	13.6178	13.5621	13.4408	13.5063	13.5368	13.4096	13.3528	13.4125	13.3151	13.2986	13.3254	13.2306	13.199	13.1527	13.0267	12.6826	12.3231	11.7995	11.0487	10.3726	9.25307	8.09223	7.13596	6.30835	5.22084	4.39933	3.56776	3.73493	2.84436	2.13326	1.57077	1.18056	0.74158	0.62441	0.55813	0.43636	0.40773	0.30626	0.27524	0.32316	0.29275	0.28909	0.2192	0.36016	0.24257
13.883	14.0515	14.0204	13.9181	13.8308	13.89	13.9247	13.8352	13.7353	13.7864	13.7358	13.7386	13.7231	13.648	13.6322	13.6061	13.5019	13.1424	12.8217	12.2546	11.4906	10.7529	9.64936	8.49285	7.4734	6.58895	5.49239	4.66927	3.78503	3.95012	3.01343	2.25247	1.66415	1.23529	0.80801	0.70545	0.59181	0.46805	0.44647	0.35305	0.36896	0.35247	0.34525	0.32502	0.27021	0.44241	0.29355
14.1766	14.3616	14.2842	14.1983	14.1534	14.1959	14.1836	14.117	14.0424	14.0445	14.0465	14.0828	14.0455	14.0157	13.9884	13.9962	13.8608	13.4932	13.2454	12.6207	11.8721	11.0875	9.98237	8.87708	7.80323	6.89234	5.76996	4.9142	3.97405	4.1662	3.14838	2.38203	1.78311	1.30895	0.87988	0.73683	0.62052	0.5292	0.52221	0.41756	0.45175	0.39638	0.38348	0.41356	0.34229	0.44677	0.35764
14.3871	14.544	14.4653	14.4402	14.3931	14.3957	14.3254	14.3148	14.2517	14.2613	14.2898	14.2884	14.2604	14.2838	14.1955	14.2713	14.1727	13.7676	13.5844	12.9433	12.2402	11.3977	10.2949	9.19536	8.10101	7.159	6.0541	5.14257	4.16148	4.34837	3.34978	2.46257	1.89365	1.39303	0.95328	0.76592	0.6703	0.596	0.56617	0.47401	0.50055	0.44955	0.4467	0.48048	0.42684	0.4963	0.44455
14.5174	14.6763	14.5711	14.5176	14.5749	14.5315	14.4456	14.4073	14.4034	14.3412	14.4358	14.4377	14.4309	14.4701	14.3896	14.4702	14.3943	13.9991	13.7931	13.2244	12.5211	11.6517	10.5465	9.49564	8.4369	7.3855	6.35264	5.41769	4.34434	4.56235	3.50908	2.56472	2.0211	1.4671	1.06515	0.79334	0.736	0.65014	0.5794	0.50968	0.54297	0.49101	0.50639	0.5558	0.51673	0.52817	0.54497
14.579	14.7251	14.6076	14.5356	14.6713	14.6015	14.5479	14.4679	14.4636	14.4184	14.5015	14.4594	14.5084	14.4877	14.5033	14.5677	14.5401	14.1475	13.9384	13.41	12.721	11.8775	10.7413	9.7749	8.74159	7.59978	6.62573	5.65823	4.56363	4.79464	3.64386	2.70624	2.15353	1.60926	1.13392	0.87118	0.79336	0.66186	0.60684	0.56811	0.54722	0.53666	0.58413	0.64308	0.58219	0.56561	0.61366
14.645	14.6724	14.518	14.5156	14.6769	14.5721	14.5424	14.4589	14.4692	14.4117	14.5008	14.43	14.5016	14.52	14.5571	14.5932	14.5397	14.225	13.9661	13.5076	12.8663	12.0413	10.8904	10.0176	9.01208	7.83634	6.8728	5.88466	4.78201	4.96195	3.84009	2.881	2.30927	1.66373	1.22785	0.96538	0.83732	0.69535	0.6557	0.61393	0.53205	0.59644	0.62548	0.66932	0.67915	0.63999	0.7091
14.6176	14.5353	14.4159	14.4364	14.595	14.476	14.4311	14.3266	14.3733	14.309	14.4039	14.3376	14.4265	14.4304	14.4817	14.5014	14.473	14.1808	13.9575	13.4833	12.9278	12.1677	10.9714	10.1398	9.18756	8.05975	7.08703	6.07402	4.94908	5.1307	4.00212	3.06981	2.42933	1.72381	1.29766	1.07324	0.87336	0.72704	0.67755	0.67958	0.56282	0.66535	0.66459	0.73206	0.76397	0.69648	0.77511
14.4396	14.31	14.2083	14.2749	14.3779	14.2825	14.2036	14.0967	14.1839	14.1385	14.1822	14.1606	14.2244	14.2698	14.284	14.3594	14.3334	14.0869	13.8284	13.4121	12.9263	12.1776	11.0748	10.2481	9.37419	8.20108	7.27719	6.26227	5.11431	5.30971	4.21579	3.23619	2.52197	1.7943	1.38521	1.12205	0.92401	0.75342	0.70681	0.72668	0.59744	0.6656	0.70428	0.79863	0.83902	0.76152	0.798
14.1502	14.0122	13.9133	14.0241	14.0807	13.9764	13.9143	13.82	13.8912	13.8651	13.8412	13.8635	13.8922	14.0019	14.0545	14.097	14.0789	13.9102	13.5974	13.2965	12.8076	12.1258	11.1028	10.3263	9.46524	8.36601	7.41254	6.39912	5.34289	5.49348	4.41647	3.41106	2.61172	1.89305	1.47555	1.19715	0.93682	0.74645	0.72308	0.76021	0.62808	0.70291	0.78234	0.82826	0.88873	0.87021	0.86157
13.7531	13.6093	13.5606	13.6343	13.6715	13.5729	13.5659	13.4588	13.5363	13.4558	13.4708	13.5057	13.5305	13.617	13.7601	13.7433	13.776	13.6308	13.3327	13.0961	12.5812	12.0631	11.0698	10.3986	9.52453	8.52291	7.56234	6.57924	5.53163	5.69067	4.605	3.56923	2.74936	1.99184	1.54538	1.2583	0.93631	0.7685	0.77289	0.82805	0.64628	0.76386	0.81622	0.86577	0.93922	0.95075	0.9028
13.2781	13.1107	13.1474	13.2157	13.2213	13.0943	13.0874	13.077	13.1422	13.0275	13.0594	13.0519	13.0988	13.2042	13.3255	13.321	13.3884	13.2796	13.0176	12.7728	12.3382	11.9588	11.0249	10.4336	9.56877	8.64962	7.71903	6.74912	5.74562	5.84647	4.787	3.73642	2.88467	2.10738	1.58103	1.35983	0.95095	0.80504	0.86869	0.8992	0.70066	0.79648	0.87401	0.90363	1.0493	1.07127	0.93755
12.7358	12.6409	12.7037	12.7515	12.7993	12.5924	12.5136	12.6129	12.6751	12.5288	12.5296	12.5628	12.5744	12.7656	12.8208	12.8902	12.9456	12.8687	12.6283	12.5348	12.0834	11.7982	11.0097	10.4214	9.65959	8.79739	7.89069	6.97705	5.94897	6.04124	5.00862	3.90171	3.00947	2.18184	1.67472	1.43038	1.02224	0.86886	0.8897	0.89717	0.7627	0.83454	0.94582	0.90674	1.13908	1.12686	0.98501
12.1901	12.1851	12.2437	12.2724	12.2829	12.0998	11.9859	12.1641	12.1137	12.0299	11.98	12.0437	12.0772	12.2955	12.3238	12.3775	12.4998	12.4804	12.2723	12.2265	11.8473	11.6273	10.976	10.5039	9.77448	9.00395	8.14485	7.20776	6.16098	6.36041	5.24531	4.06656	3.17932	2.31461	1.77142	1.4849	1.08523	0.87795	0.96128	0.91475	0.83801	0.89694	1.01692	0.92362	1.16818	1.09938	1.00923
11.7361	11.6691	11.8055	11.8112	11.8169	11.6723	11.5039	11.7573	11.6653	11.5114	11.4946	11.547	11.6043	11.8293	11.9106	11.9242	12.0329	12.1527	11.9248	11.9478	11.6571	11.5103	10.9776	10.5926	9.9585	9.25583	8.47276	7.5183	6.49922	6.64877	5.52413	4.27052	3.36731	2.48669	1.90542	1.52337	1.086	0.97521	0.99869	0.90584	0.86495	0.9536	1.07715	0.95482	1.17877	1.12865	1.04959
11.3209	11.208	11.4311	11.39	11.3784	11.2944	11.1184	11.3139	11.3099	11.0983	11.0818	11.0933	11.2608	11.3666	11.5774	11.5109	11.6503	11.9058	11.6493	11.7109	11.4916	11.5092	11.038	10.6834	10.1819	9.5663	8.89006	7.93415	6.89473	6.97835	5.85427	4.57416	3.64238	2.70174	2.04873	1.60715	1.18512	1.05682	1.09535	0.96463	0.91445	0.98763	1.12388	0.98749	1.2016	1.13867	1.1014
11.0366	10.8759	11.1097	11.06	11.0517	10.9517	10.7724	10.9698	10.9763	10.7655	10.7333	10.7438	10.9356	11.0289	11.2195	11.2389	11.3839	11.6828	11.4374	11.4839	11.4133	11.5427	11.22	10.8598	10.5562	9.93692	9.33617	8.47387	7.25637	7.40087	6.2056	4.92546	3.8932	2.92207	2.19468	1.74187	1.31613	1.20772	1.20228	1.044	0.90976	0.99244	1.21431	1.0154	1.27884	1.12852	1.10576
10.8444	10.6866	10.851	10.8493	10.8093	10.6856	10.511	10.6552	10.6371	10.4888	10.3532	10.4673	10.651	10.8099	10.9022	10.9942	11.1313	11.5032	11.3117	11.4082	11.4099	11.575	11.4476	11.1324	10.9611	10.4091	9.83796	9.00556	7.7111	7.89688	6.67216	5.2763	4.2052	3.14357	2.37707	1.89443	1.45814	1.30588	1.18024	1.07702	0.90193	0.99106	1.21227	1.01945	1.26023	1.11236	1.09633
10.7545	10.5794	10.6384	10.6558	10.6077	10.5046	10.3388	10.4183	10.3789	10.2805	10.0642	10.2374	10.4368	10.5946	10.7315	10.8348	10.9062	11.3318	11.2228	11.4205	11.5188	11.6693	11.653	11.4902	11.3364	10.9352	10.4121	9.58651	8.22448	8.45103	7.12838	5.67625	4.49685	3.40761	2.56409	1.99465	1.55953	1.41379	1.18688	1.12434	0.93758	0.99988	1.26489	1.04406	1.24503	1.03682	1.13282
10.6668	10.49	10.463	10.4876	10.4533	10.4467	10.2452	10.2299	10.2322	10.1183	9.90874	9.98891	10.2807	10.4038	10.5925	10.6907	10.7778	11.2012	11.2374	11.3548	11.5809	11.7718	11.9256	11.8482	11.8369	11.5481	11.0194	10.1165	8.81591	8.93417	7.64006	6.08974	4.83064	3.71423	2.81754	2.11093	1.66023	1.50322	1.30369	1.1883	1.00624	1.00358	1.27349	1.03913	1.24106	1.04538	1.14037
10.626	10.3675	10.3703	10.3483	10.3601	10.3357	10.1656	10.0689	10.1653	9.99627	9.75709	9.74702	10.1843	10.2619	10.4176	10.6651	10.668	11.1096	11.2482	11.4116	11.7173	11.9755	12.2404	12.2766	12.4074	12.1527	11.5956	10.7449	9.42171	9.49171	8.16473	6.59309	5.12841	3.96999	3.04134	2.25241	1.78314	1.64601	1.38611	1.28955	1.00261	0.97625	1.2439	1.0292	1.25332	1.14207	1.15757
10.5766	10.3207	10.2803	10.2064	10.3061	10.1622	10.0504	9.88657	9.98292	9.91453	9.68138	9.63292	10.0516	10.1256	10.186	10.5454	10.5452	10.9716	11.2434	11.4351	11.832	12.2227	12.5728	12.7738	12.9041	12.7695	12.2106	11.3782	10.0307	10.0923	8.53947	7.01512	5.46436	4.30108	3.23319	2.46338	1.90748	1.68463	1.49345	1.38248	0.97645	1.02347	1.2516	1.03848	1.24417	1.11551	1.11504
10.5132	10.2712	10.1163	10.0635	10.2048	9.97047	9.95534	9.78386	9.75948	9.74434	9.50452	9.45856	9.89148	9.94312	9.96696	10.3793	10.452	10.8046	11.1641	11.4695	12.0141	12.3747	12.8674	13.2442	13.4335	13.4107	12.8405	11.9659	10.6208	10.6765	9.03987	7.44429	5.79139	4.51756	3.37245	2.61773	2.02807	1.68481	1.46312	1.39056	0.99686	1.04456	1.23919	1.01349	1.1871	1.06446	1.105
10.3764	10.1722	9.98897	9.88786	10.0377	9.82015	9.84836	9.67184	9.5714	9.55645	9.31693	9.20539	9.7005	9.70118	9.70673	10.1662	10.2877	10.6853	11.1093	11.4935	12.1761	12.5739	13.0786	13.6593	13.9207	13.9965	13.4837	12.5572	11.2012	11.2025	9.55548	7.86215	6.16671	4.72084	3.58719	2.68554	2.18423	1.69839	1.49647	1.3622	1.09625	1.00893	1.17861	1.01627	1.12851	1.0154	1.05986
10.1081	10.019	9.9485	9.63308	9.82547	9.65178	9.68542	9.53812	9.41512	9.35907	9.2091	8.96568	9.51481	9.44646	9.5222	9.95802	10.1343	10.5385	11.0287	11.4496	12.2284	12.7516	13.3363	13.9183	14.4061	14.5809	14.0023	13.1236	11.6935	11.7282	9.93765	8.2277	6.4274	4.94163	3.76317	2.75218	2.28993	1.75971	1.62236	1.35613	1.15273	0.98997	1.12968	0.99214	1.03953	0.97739	1.00481
9.90723	9.7953	9.8214	9.40629	9.59551	9.37973	9.47736	9.32137	9.18235	9.10797	8.98633	8.72804	9.22328	9.23142	9.2153	9.69819	9.96269	10.3384	10.8997	11.3061	12.2117	12.8767	13.5908	14.1876	14.8757	15.0767	14.4872	13.7027	12.0876	12.1848	10.3437	8.6339	6.64614	5.12303	3.91065	2.87164	2.29394	1.817	1.61784	1.37677	1.13225	0.99244	1.06112	0.92253	0.92841	0.93731	0.88783
9.6394	9.5235	9.59556	9.21547	9.30367	8.96401	9.18424	9.03321	8.7861	8.85089	8.73672	8.46509	8.88308	8.9133	8.89145	9.41595	9.7127	10.1461	10.7572	11.1789	12.1566	13.0048	13.7143	14.4636	15.1948	15.5063	14.8736	14.1696	12.493	12.6084	10.7407	8.96776	6.90959	5.37134	3.88693	2.95268	2.36603	1.81293	1.54033	1.41607	1.07329	0.95176	0.98243	0.826	0.86276	0.77739	0.79691
9.22839	9.23389	9.25399	8.9747	9.02103	8.5818	8.78887	8.71825	8.4473	8.45427	8.40811	8.12763	8.48619	8.57102	8.56949	9.02342	9.44444	9.77636	10.5078	10.9925	12.0114	13.0089	13.7556	14.4786	15.4014	15.821	15.1687	14.4929	12.8527	12.9212	11.0291	9.19397	7.10831	5.57662	4.03763	3.13144	2.44579	1.73253	1.52409	1.34717	1.04553	0.97763	0.85513	0.7424	0.72181	0.58324	0.67394
8.75398	8.81829	8.78619	8.62122	8.55696	8.20739	8.29984	8.31447	8.01952	8.03636	7.97115	7.67491	8.04221	8.15363	8.21844	8.55801	9.04227	9.42513	10.253	10.6641	11.7755	12.8288	13.7065	14.4589	15.5125	15.9384	15.2873	14.6949	12.9798	13.0677	11.2513	9.34342	7.15608	5.68445	4.19669	3.27132	2.42511	1.68683	1.45542	1.24858	1.05552	0.95118	0.79583	0.57534	0.64724	0.3953	0.51192
8.27248	8.22561	8.32359	8.11872	8.11146	7.76184	7.79106	7.81885	7.5936	7.57818	7.53349	7.31476	7.49651	7.71412	7.73264	8.12387	8.59854	8.96491	9.82304	10.3291	11.3993	12.5526	13.4574	14.2705	15.4231	15.7554	15.1955	14.7439	12.9996	13.1351	11.2819	9.40087	7.14341	5.66567	4.20912	3.30951	2.32764	1.69773	1.41619	1.1906	0.94353	0.88649	0.66437	0.52879	0.54915	0.26387	0.40671
7.71175	7.63112	7.73612	7.53575	7.56569	7.2468	7.22648	7.22245	7.03939	7.00224	7.03522	6.88348	6.8811	7.13902	7.2076	7.58174	8.05721	8.36026	9.31297	9.84533	10.896	12.0856	13.0453	13.9672	15.0586	15.409	15.0233	14.4785	12.8111	12.9647	11.0926	9.28235	7.09108	5.72063	4.16362	3.22993	2.2183	1.62505	1.34853	1.18551	0.82179	0.77418	0.5579	0.4171	0.45695	0.12219	0.29679
7.1067	6.97569	6.98992	6.92034	6.94217	6.69476	6.55634	6.5228	6.47671	6.42238	6.54471	6.35568	6.25715	6.54632	6.55995	7.01444	7.44654	7.79222	8.64275	9.31766	10.3126	11.5068	12.5227	13.4921	14.4696	14.865	14.5435	14.0499	12.4903	12.5408	10.8599	9.08117	7.02235	5.60391	4.06504	3.1311	2.12931	1.52378	1.27971	1.1117	0.68031	0.64101	0.37594	0.254	0.40698	-0.04857	0.1836
6.4088	6.38634	6.36201	6.26406	6.30981	6.16041	6.00951	5.97769	6.01762	5.86735	5.92367	5.84014	5.65869	5.99956	5.93118	6.44304	6.83425	7.05488	7.92186	8.67838	9.5736	10.8296	11.8771	12.7741	13.666	14.0468	13.8355	13.4731	11.9573	11.9556	10.433	8.66405	6.76137	5.39134	3.87926	3.03136	2.11339	1.36879	1.27131	1.01687	0.68549	0.58606	0.22995	0.16084	0.25288	-0.1495	0.08543
5.73919	5.73643	5.7102	5.56666	5.68479	5.5931	5.449	5.46467	5.47957	5.32955	5.31019	5.268	5.0705	5.39189	5.32865	5.79905	6.2284	6.33518	7.19491	7.98799	8.79707	9.87862	11.0953	11.8539	12.6813	13.014	12.9167	12.7355	11.1339	11.2621	9.79971	8.12885	6.47789	5.08501	3.71984	2.88717	1.88807	1.27793	1.16062	0.92455	0.63038	0.39217	0.1592	0.05984	0.00923	-0.36024	-0.08084
5.1733	5.05479	5.199	4.86292	5.07562	5.01808	4.93819	4.94067	4.85976	4.80437	4.71473	4.7572	4.49437	4.79977	4.68944	5.2009	5.63988	5.71955	6.42342	7.20838	7.95395	8.85677	10.0569	10.8356	11.6248	11.805	11.7345	11.8112	10.3073	10.3407	9.12771	7.4632	6.23574	4.74577	3.44219	2.63179	1.67553	1.22375	1.0623	0.85271	0.57908	0.13894	-0.04886	-0.08536	-0.13405	-0.53809	-0.19283
4.62449	4.51824	4.61846	4.22665	4.52783	4.5429	4.45469	4.40992	4.28515	4.25567	4.18761	4.24187	3.96221	4.29359	4.08603	4.61247	5.05339	4.95235	5.64718	6.39106	7.00103	7.84933	9.07325	9.7388	10.3759	10.6259	10.5555	10.6746	9.35538	9.35885	8.24615	6.74841	5.83226	4.3772	3.11936	2.28541	1.54587	1.11798	0.9574	0.79346	0.44253	0.02959	-0.20433	-0.09887	-0.29555	-0.69751	-0.30467
4.16432	4.09028	4.02746	3.67344	3.92517	4.06874	3.96662	3.91791	3.81901	3.75651	3.71417	3.70173	3.47523	3.80418	3.68691	4.00851	4.34315	4.31781	4.82584	5.55091	6.13563	6.7868	7.98942	8.51871	9.02553	9.32641	9.19094	9.37179	8.27253	8.18936	7.34114	5.97438	5.22486	3.9617	2.90253	2.04688	1.27264	0.96931	0.80962	0.53416	0.41809	-0.01544	-0.34969	-0.27584	-0.45405	-0.80628	-0.68926
3.73825	3.62744	3.50986	3.27926	3.46237	3.6314	3.58583	3.53327	3.36946	3.34822	3.18292	3.25266	3.07421	3.3245	3.29034	3.57607	3.69246	3.69266	4.10731	4.66315	5.11493	5.75655	6.90176	7.26276	7.69021	7.87691	7.77486	8.0524	7.01051	7.04931	6.33087	5.24004	4.50076	3.45113	2.56374	1.81708	1.064	0.79331	0.61442	0.35676	0.34249	-0.16152	-0.51519	-0.36891	-0.57249	-0.93039	-0.95391
3.2957	3.15934	3.10703	2.86866	3.07457	3.29794	3.27894	3.22736	3.03244	2.98795	2.68384	2.83364	2.71295	2.8484	3.03808	2.98614	3.08658	3.11234	3.40944	3.90073	4.26474	4.63259	5.74743	6.04704	6.36051	6.39781	6.36995	6.63437	5.7591	5.86579	5.30501	4.37102	3.79789	2.96301	2.22897	1.51499	0.73138	0.64882	0.30624	0.1303	0.14653	-0.3095	-0.65182	-0.46886	-0.75871	-1.07597	-1.14012
2.84326	2.71186	2.63215	2.5622	2.72159	2.98864	2.8831	2.80076	2.61766	2.62943	2.35441	2.51384	2.44245	2.36037	2.62607	2.39885	2.5063	2.60532	2.70212	3.12315	3.36232	3.5785	4.45958	4.69569	4.91943	4.90763	4.87783	5.19884	4.57158	4.63842	4.23422	3.46415	3.09527	2.4246	1.937	1.1345	0.4246	0.41055	0.05283	-0.08213	-0.09569	-0.46191	-0.87431	-0.64582	-0.85793	-1.34163	-1.42216
2.52151	2.40186	2.22333	2.13849	2.38794	2.63345	2.55592	2.44268	2.2527	2.26725	1.99699	2.23987	2.11478	2.02231	2.24309	1.96061	1.91884	2.07202	1.99405	2.44944	2.52817	2.53379	3.22242	3.28106	3.55472	3.52299	3.49295	3.75832	3.25533	3.35224	3.06866	2.52972	2.15498	1.71108	1.40422	0.64884	0.11215	0.07097	-0.23178	-0.29544	-0.37134	-0.57932	-1.05392	-0.76952	-0.99618	-1.40986	-1.54519
2.12793	2.04272	1.85164	1.83905	2.07702	2.28053	2.18793	2.09119	1.93176	1.94279	1.75847	1.95581	1.86154	1.63655	1.94258	1.56393	1.28995	1.5019	1.40998	1.71169	1.59666	1.44939	2.08265	1.90508	2.14221	2.10269	2.20008	2.16893	1.7978	2.05645	1.82783	1.65954	1.18255	1.03704	0.72484	0.24215	-0.20883	-0.25633	-0.61379	-0.40992	-0.56346	-0.71261	-1.20701	-0.95037	-1.23613	-1.53527	-1.58888
1.74666	1.75676	1.63086	1.63084	1.79665	1.89727	1.8944	1.78966	1.62991	1.69648	1.52223	1.63594	1.59086	1.27776	1.60644	1.10194	0.85274	1.02947	0.89802	1.05359	0.70644	0.53872	0.90661	0.55278	0.82174	0.78199	0.67771	0.67118	0.56986	0.63958	0.64339	0.68482	0.24072	0.40719	0.06036	-0.20838	-0.58151	-0.58823	-0.7875	-0.58775	-0.81847	-1.02494	-1.36441	-1.19933	-1.52401	-1.68587	-1.66248
1.41315	1.35497	1.35266	1.42342	1.491	1.61533	1.73853	1.57953	1.4039	1.44283	1.1887	1.4531	1.35772	0.93694	1.12904	0.72867	0.48713	0.58347	0.36061	0.51514	-0.06506	-0.30202	-0.09211	-0.63873	-0.42783	-0.49547	-0.60103	-0.60511	-0.64028	-0.53143	-0.53756	-0.14392	-0.60721	-0.34596	-0.60981	-0.65073	-0.95784	-0.90073	-1.05386	-0.80168	-1.13772	-1.25401	-1.47807	-1.40832	-1.76358	-1.78177	-1.64949
1.13922	1.02985	1.07587	1.07058	1.16134	1.26939	1.48926	1.23338	1.03391	1.17378	0.86589	1.22185	1.00523	0.61459	0.70238	0.39731	0.01052	0.09399	-0.26379	-0.1028	-0.7171	-1.18255	-1.20374	-1.73372	-1.59212	-1.72095	-1.90704	-1.8246	-1.65236	-1.59781	-1.43641	-1.00186	-1.33667	-1.0411	-1.16071	-1.1282	-1.23262	-1.15615	-1.2416	-1.08074	-1.34759	-1.51379	-1.60646	-1.58976	-1.9961	-2.00654	-1.7555
0.77669	0.65995	0.76255	0.77133	0.86119	0.90692	1.10509	0.91573	0.5876	0.82114	0.6125	0.89956	0.69395	0.36823	0.29251	0.13078	-0.32199	-0.33076	-0.74871	-0.70488	-1.40846	-1.90691	-2.19651	-2.75323	-2.68448	-2.68412	-3.18063	-2.93312	-2.76249	-2.52853	-2.50959	-1.83698	-2.14075	-1.74087	-1.79847	-1.589	-1.53777	-1.38939	-1.38109	-1.33073	-1.48366	-1.75012	-1.78894	-1.81908	-2.24458	-2.14816	-1.91224
0.44377	0.2878	0.38188	0.44856	0.55692	0.48494	0.68174	0.51659	0.29096	0.54514	0.34914	0.57031	0.3625	0.01024	-0.06629	-0.13428	-0.69937	-0.76377	-1.20869	-1.32555	-1.97144	-2.64084	-2.91713	-3.57508	-3.57459	-3.56905	-4.2145	-4.00979	-3.72835	-3.40638	-3.34682	-2.54546	-2.75265	-2.37656	-2.35914	-1.91474	-1.76577	-1.59693	-1.63494	-1.63901	-1.68571	-1.84949	-1.98314	-2.07106	-2.39044	-2.22819	-2.03292
0.0377	0.02595	0.04712	0.10152	0.24151	0.17733	0.27603	0.0649	0.11268	0.25581	0.0601	0.24617	0.07382	-0.39279	-0.32787	-0.58302	-0.99003	-1.08771	-1.65664	-1.93285	-2.41289	-3.14601	-3.56774	-4.24661	-4.36579	-4.30497	-5.15445	-4.87644	-4.41415	-4.30382	-3.96665	-3.19561	-3.27997	-2.81829	-2.63686	-2.33945	-2.00395	-1.84183	-1.79428	-2.03251	-1.81915	-2.02522	-2.14355	-2.23839	-2.59382	-2.31816	-2.28766
-0.3381	-0.3925	-0.25652	-0.27975	-0.05886	-0.20884	-0.05082	-0.27236	-0.12345	-0.0479	-0.31598	-0.10152	-0.31389	-0.79582	-0.69434	-0.9096	-1.26582	-1.55256	-2.17779	-2.34621	-2.8894	-3.56718	-4.15191	-4.80979	-5.05365	-5.06288	-5.93246	-5.41077	-4.93098	-4.95861	-4.48966	-3.81768	-3.74952	-3.32333	-2.74281	-2.62503	-2.25576	-2.14309	-2.00192	-2.31837	-2.03359	-2.15464	-2.25813	-2.44326	-2.60571	-2.37436	-2.51851
-0.73169	-0.81737	-0.57815	-0.61645	-0.44881	-0.5228	-0.47948	-0.64025	-0.45267	-0.33734	-0.69753	-0.51469	-0.72137	-1.15904	-1.08086	-1.20098	-1.73775	-1.9756	-2.5599	-2.7197	-3.25161	-3.98534	-4.65437	-5.16813	-5.52507	-5.59522	-6.37803	-5.85828	-5.42596	-5.28124	-4.8627	-4.20352	-4.09292	-3.69896	-2.9575	-2.86018	-2.42465	-2.36285	-2.30885	-2.49683	-2.2737	-2.2304	-2.38873	-2.56929	-2.59097	-2.30281	-2.53764
-1.16603	-1.13832	-0.98198	-1.08472	-0.67341	-0.89351	-0.9807	-1.00237	-0.82024	-0.67875	-0.90603	-0.96548	-1.03868	-1.41494	-1.34081	-1.61098	-2.11687	-2.3001	-2.84797	-3.05103	-3.66911	-4.22144	-4.94223	-5.55323	-5.9232	-5.96414	-6.72359	-6.28087	-5.72008	-5.71036	-5.22464	-4.66154	-4.19646	-3.88932	-3.1891	-3.01535	-2.55184	-2.58361	-2.47072	-2.66222	-2.42227	-2.38184	-2.55044	-2.60298	-2.73029	-2.41686	-2.63714
-1.49937	-1.47739	-1.36545	-1.41458	-0.99584	-1.33499	-1.40022	-1.28849	-1.08726	-1.11023	-1.16886	-1.2229	-1.32969	-1.68202	-1.60897	-2.02353	-2.39512	-2.54563	-3.10627	-3.33667	-3.87524	-4.42835	-5.16982	-5.9235	-6.08921	-6.22881	-6.79883	-6.5194	-5.92677	-5.98077	-5.49608	-4.87581	-4.3326	-4.07827	-3.26788	-3.15852	-2.72445	-2.77012	-2.69313	-2.77033	-2.58431	-2.49526	-2.69773	-2.72758	-2.82759	-2.39076	-2.71147
-1.79948	-1.78613	-1.61178	-1.84779	-1.39014	-1.80128	-1.80335	-1.6423	-1.37638	-1.4718	-1.58314	-1.52636	-1.72347	-1.94226	-1.90405	-2.39977	-2.65716	-2.83873	-3.37564	-3.63893	-4.08528	-4.531	-5.35504	-5.98105	-6.17199	-6.53164	-6.67309	-6.49877	-5.91796	-6.14855	-5.52475	-5.01897	-4.41301	-4.10781	-3.28055	-3.31682	-2.82459	-2.93421	-2.85159	-2.83745	-2.73472	-2.59248	-2.67391	-2.70282	-2.78821	-2.34907	-2.79286
-2.11398	-2.16621	-1.83074	-2.07734	-1.66978	-2.04063	-2.14581	-1.91681	-1.75956	-1.84434	-1.95656	-1.92302	-2.02121	-2.19521	-2.18972	-2.55198	-3.00169	-3.14952	-3.62405	-3.82245	-4.25717	-4.59418	-5.37709	-5.96182	-6.2101	-6.58774	-6.56137	-6.38203	-5.87278	-6.12814	-5.63746	-5.02114	-4.3301	-4.06478	-3.30644	-3.45135	-2.97986	-3.00741	-2.79977	-2.85098	-2.74547	-2.66057	-2.68192	-2.7236	-2.76398	-2.35762	-2.59669
-2.31853	-2.49995	-2.04297	-2.21482	-2.01217	-2.33882	-2.34557	-2.13486	-2.1214	-2.16509	-2.30979	-2.19731	-2.35061	-2.38323	-2.42299	-2.62943	-3.24187	-3.36242	-3.76685	-3.98611	-4.43645	-4.67911	-5.39014	-5.78598	-6.08762	-6.48564	-6.33482	-6.23234	-5.83686	-5.86358	-5.62127	-4.89176	-4.07232	-4.0193	-3.43077	-3.39371	-3.0867	-2.93784	-2.70059	-2.61442	-2.72229	-2.60218	-2.8567	-2.66945	-2.6355	-2.30792	-2.48618
-2.46013	-2.67436	-2.3877	-2.52793	-2.19993	-2.61502	-2.58872	-2.34272	-2.38247	-2.46426	-2.46468	-2.3741	-2.50945	-2.49405	-2.61187	-2.80468	-3.50591	-3.4485	-3.78846	-4.1325	-4.31607	-4.60305	-5.29912	-5.62181	-5.77188	-6.24254	-5.96921	-6.01491	-5.65014	-5.62276	-5.39291	-4.72556	-3.87139	-3.862	-3.3955	-3.24872	-2.99426	-2.8089	-2.55752	-2.55176	-2.58903	-2.54247	-2.84462	-2.49295	-2.62086	-2.32539	-2.42884
-2.64228	-2.8689	-2.56273	-2.65775	-2.32339	-2.79776	-2.76096	-2.52775	-2.581	-2.66199	-2.64132	-2.4769	-2.68845	-2.60376	-2.66229	-2.87681	-3.51673	-3.56524	-3.99588	-4.24578	-4.17779	-4.56029	-5.17447	-5.40578	-5.50232	-5.91184	-5.61636	-5.75753	-5.47104	-5.34918	-5.06701	-4.49845	-3.63227	-3.65879	-3.23185	-3.01347	-2.95191	-2.70622	-2.42568	-2.44869	-2.32991	-2.48343	-2.74668	-2.40202	-2.55109	-2.50359	-2.21631
-2.69127	-2.96576	-2.55849	-2.66915	-2.44766	-2.92674	-2.9377	-2.666	-2.7439	-2.76338	-2.85033	-2.56869	-2.75062	-2.76648	-2.69251	-2.85428	-3.56014	-3.61481	-3.9159	-4.21914	-3.99374	-4.41126	-5.00773	-4.94882	-5.07363	-5.54345	-5.30942	-5.25535	-5.16228	-4.86209	-4.75579	-4.16764	-3.40681	-3.44509	-3.15127	-2.74563	-2.77437	-2.60694	-2.29902	-2.11854	-2.10741	-2.36564	-2.54566	-2.14834	-2.33283	-2.3683	-2.0585
-2.70959	-2.96153	-2.56378	-2.647	-2.50245	-2.87774	-2.89939	-2.68685	-2.81527	-2.77284	-2.84811	-2.74672	-2.71462	-2.8189	-2.62865	-2.81931	-3.56854	-3.53899	-3.79183	-4.10228	-3.93833	-4.08505	-4.68802	-4.41573	-4.63475	-5.05542	-4.7935	-4.87747	-4.76406	-4.35632	-4.21469	-3.82013	-3.09256	-3.09724	-2.9958	-2.45041	-2.44637	-2.5071	-2.06765	-1.83581	-1.9851	-2.18793	-2.28876	-1.89918	-2.22893	-2.2725	-1.83998
-2.58683	-2.8477	-2.58831	-2.55044	-2.47833	-2.79179	-2.62922	-2.57221	-2.73638	-2.74066	-2.74821	-2.68134	-2.51645	-2.7344	-2.5575	-2.79438	-3.4171	-3.28391	-3.47257	-3.81272	-3.66844	-3.84712	-4.30449	-3.93604	-4.14832	-4.50098	-4.32035	-4.53838	-4.32323	-3.90821	-3.75654	-3.34131	-2.80013	-2.69634	-2.78527	-1.97719	-2.24391	-2.25378	-1.80939	-1.47965	-1.72359	-2.06064	-2.00357	-1.63263	-1.98506	-2.13157	-1.56523
-2.35894	-2.66788	-2.56134	-2.50695	-2.35036	-2.69545	-2.36918	-2.40868	-2.5569	-2.53313	-2.52555	-2.3752	-2.33304	-2.58926	-2.38099	-2.61979	-3.17878	-3.04103	-3.15796	-3.43502	-3.4471	-3.36898	-3.89132	-3.49382	-3.62433	-3.96139	-3.73759	-3.91222	-3.86587	-3.55493	-3.15766	-2.94788	-2.56157	-2.38837	-2.37532	-1.69084	-1.88108	-1.94704	-1.53379	-1.11881	-1.49305	-1.82673	-1.64736	-1.29144	-1.77698	-2.09669	-1.36259
-2.17499	-2.45429	-2.37447	-2.27345	-2.11626	-2.40839	-2.25304	-2.2785	-2.32595	-2.31481	-2.174	-2.23763	-2.07774	-2.296	-2.16809	-2.30711	-2.88422	-2.69695	-2.77146	-3.04145	-3.16461	-2.90541	-3.34509	-3.10923	-3.12046	-3.38418	-3.13418	-3.14746	-3.27681	-3.12354	-2.5676	-2.62387	-2.25525	-1.98405	-1.94623	-1.34278	-1.70218	-1.69637	-1.42962	-0.93482	-1.23304	-1.55914	-1.16221	-1.05646	-1.47145	-2.01472	-1.13724
-1.85356	-2.0647	-2.02923	-2.02632	-1.75483	-2.11132	-2.07393	-1.98072	-1.91976	-2.01975	-1.84183	-1.93945	-1.80961	-1.93347	-1.79455	-1.95474	-2.56549	-2.14423	-2.3041	-2.52402	-2.79914	-2.48572	-2.78742	-2.55335	-2.71505	-2.78772	-2.47198	-2.56904	-2.73895	-2.68144	-2.08566	-2.23186	-1.80622	-1.57716	-1.7062	-1.07088	-1.38208	-1.30504	-1.09136	-0.63606	-0.94019	-1.35935	-0.82937	-0.87687	-1.02842	-1.70813	-1.05038
-1.37417	-1.38176	-1.57589	-1.75179	-1.2482	-1.61614	-1.65267	-1.55603	-1.47697	-1.57747	-1.30852	-1.57467	-1.35377	-1.49565	-1.41562	-1.61199	-2.18117	-1.74181	-1.61744	-1.84482	-2.35595	-1.96251	-2.1088	-2.04987	-2.19061	-2.22714	-1.85366	-2.07078	-2.16269	-2.19332	-1.53505	-1.74803	-1.40835	-1.06412	-1.4711	-0.97566	-0.8653	-0.98093	-0.80733	-0.48792	-0.76256	-0.97707	-0.59535	-0.66587	-0.61287	-1.42057	-0.77139
-0.88868	-0.76658	-1.04448	-1.30223	-0.66631	-1.03412	-1.17634	-1.1343	-0.84516	-1.01668	-0.83134	-1.03403	-0.78731	-1.00988	-0.93593	-1.08637	-1.59056	-1.34256	-1.081	-1.31109	-1.74687	-1.47348	-1.57336	-1.5733	-1.54292	-1.6162	-1.23956	-1.49026	-1.64948	-1.81741	-0.9444	-1.21226	-0.89885	-0.62005	-1.17782	-0.71565	-0.66275	-0.63301	-0.48291	-0.29047	-0.34647	-0.49339	-0.28071	-0.54412	-0.26125	-1.08662	-0.59757
-0.36968	-0.0802	-0.44268	-0.64792	-0.06156	-0.31706	-0.67026	-0.64036	-0.21547	-0.38923	-0.39091	-0.35481	-0.34483	-0.5354	-0.2853	-0.53158	-1.00353	-0.95536	-0.48291	-0.7185	-1.05333	-0.79016	-0.99996	-1.08014	-0.97366	-0.86628	-0.86885	-0.84218	-0.88641	-1.36956	-0.42727	-0.67435	-0.54915	-0.31777	-0.9081	-0.28942	-0.47675	-0.21907	-0.06851	-0.11379	-0.02353	-0.13266	0.03652	-0.22914	-0.04118	-0.74702	-0.31155
0.41078	0.40767	0.21463	-0.00313	0.58864	0.42125	-0.0634	-0.01207	0.3945	0.23536	0.31505	0.20594	0.31757	0.0196	0.37004	0.14463	-0.33413	-0.49174	0.03554	-0.08025	-0.52933	0.00341	-0.44315	-0.67724	-0.26586	-0.19633	-0.30843	-0.29496	-0.13176	-0.66363	0.1028	-0.13449	0.08737	0.19446	-0.37445	0.0542	-0.05169	0.24021	0.25686	0.15601	0.16854	0.25802	0.35574	0.03837	0.12539	-0.4748	-0.03646
1.18505	1.29485	1.05042	0.86721	1.33062	1.10106	0.63571	0.73496	0.97583	0.97214	1.03605	0.86663	0.97865	0.78757	1.07787	0.69392	0.26908	0.29179	0.5935	0.5382	0.34606	0.57892	0.15271	-0.0793	0.28212	0.21847	0.29672	0.05832	0.43307	-0.02643	0.57525	0.29439	0.46059	0.73186	0.13413	0.5612	0.35734	0.79405	0.5095	0.48323	0.47788	0.66083	0.84127	0.44988	0.49556	0.03833	0.06847
1.9964	2.13451	1.9877	1.71699	2.25983	1.94894	1.64108	1.64121	1.59369	1.84435	1.79386	1.55076	1.6851	1.48693	1.72469	1.50672	1.27287	1.11166	1.3019	1.17298	1.0884	1.38894	0.69708	0.6158	0.93326	0.55328	1.19515	0.40684	0.85479	0.53138	1.20054	0.99238	0.92404	1.38846	0.43409	0.99946	0.87451	1.17774	0.97231	0.7863	0.92568	0.87065	1.1114	0.90614	0.56381	0.55897	0.44504
2.80948	3.10584	2.96265	2.50903	3.08282	2.92205	2.60779	2.4631	2.22516	2.66643	2.5364	2.36152	2.4487	2.20671	2.48326	2.18102	2.21418	2.03256	2.03249	1.71292	1.92021	2.25339	1.14931	1.24047	1.71593	1.05073	1.83392	1.01909	1.5163	1.1568	1.92949	1.84312	1.59777	2.06461	1.00085	1.60323	1.12533	1.59011	1.51454	1.2842	1.29601	1.39044	1.33424	1.36126	0.82913	1.21037	0.87098
3.62628	4.03063	3.87369	3.49393	3.75785	3.76814	3.67387	3.47994	2.97012	3.7109	3.49288	3.29883	3.05808	3.04992	3.43464	3.04107	3.30749	3.03547	2.68289	2.35741	2.784	3.3206	1.71455	1.94758	2.29338	1.91026	2.63543	1.70992	2.21992	1.66455	2.49356	2.12611	2.18142	2.48994	1.64304	2.31237	1.33734	2.1011	2.00966	1.88097	2.16423	1.78438	1.86872	1.78052	0.99006	1.94366	1.25597
4.52684	4.94126	4.84326	4.67877	4.5837	4.73912	4.69375	4.37542	3.76123	4.66792	4.54931	4.30549	3.94353	3.95369	4.27049	3.96415	4.30119	4.15084	3.86067	3.34201	3.7243	4.23776	2.62306	2.37637	3.11617	2.81649	3.67221	2.36592	2.74194	2.17357	3.27896	2.70065	2.59742	3.05888	2.47879	3.01738	1.99047	2.68512	2.23665	2.3299	2.62792	2.42634	2.25117	2.41818	1.56055	2.46943	1.79521
5.66995	5.95424	5.9154	5.62598	5.67382	5.64432	5.86498	5.35032	4.60724	5.70388	5.37256	5.52107	4.91505	5.05379	5.14636	4.82545	5.36654	5.27595	4.93129	4.32059	4.63637	5.00994	3.28378	3.20452	4.02244	3.8431	4.70389	2.62727	3.16524	2.81157	4.03089	2.92915	3.3606	3.60338	3.19184	3.64902	2.58362	3.06746	2.9479	2.82702	3.29118	2.87611	2.58295	2.95706	2.42551	3.09542	1.78583
6.60626	6.95532	6.96383	6.87715	6.83001	6.81345	7.14048	6.42697	5.60264	6.42868	6.31703	6.72689	5.81327	6.01706	5.62068	5.87338	6.4204	6.25293	6.04256	5.68027	5.90634	5.91189	4.12625	4.33962	5.33092	5.01522	5.96606	3.57306	4.032	3.62656	4.59457	3.38579	3.84332	4.4803	3.71844	4.35312	3.46249	3.65364	3.52431	3.32024	3.95535	3.29918	2.81476	3.55226	3.29211	3.43621	2.22786
7.35876	7.92039	7.98802	7.73211	7.65219	8.0922	8.20625	7.51977	6.71032	7.296	7.05919	7.50793	6.71414	6.79632	6.32085	7.03803	7.37353	7.26373	6.91208	6.94186	6.36424	7.23851	5.05349	5.60878	6.42956	6.29359	6.49531	4.49746	5.03676	4.69839	5.55199	4.15263	4.69022	5.2697	4.67129	4.61767	4.03932	3.78329	4.09903	3.62283	3.81462	3.80973	2.75338	3.90788	4.03638	4.17095	2.86206