0.30715	0.23603	0.30762	0.25363	0.3619	0.17572	0.3151	0.26981	0.36025	0.32289	0.27099	0.20096	0.32672	0.24838	0.36295	0.31225	0.38946	0.2918	0.35217	0.29504	0.26695	0.3099	0.26882	0.31988	0.3789	0.2902	0.32024	0.30891	0.29939	0.35788	0.34273	0.35167	0.3306	0.38643	0.3476	0.28652	0.30915	0.32118	0.26733	0.3838	0.33353	0.34919	0.35753	0.35214	0.27847	0.25242
0.26359	0.22416	0.3294	0.2798	0.34	0.19904	0.32353	0.23972	0.36698	0.31093	0.26406	0.19966	0.3255	0.2402	0.3475	0.27259	0.35476	0.29987	0.31432	0.28608	0.24061	0.29843	0.2594	0.31699	0.36878	0.28859	0.31184	0.24232	0.28436	0.33529	0.30942	0.32328	0.31455	0.36206	0.34053	0.26973	0.31086	0.2968	0.23535	0.38778	0.28744	0.35294	0.32814	0.33775	0.30437	0.24316
0.25857	0.20876	0.32661	0.27791	0.31935	0.20584	0.31529	0.25454	0.34027	0.32258	0.25287	0.17406	0.30627	0.20089	0.32757	0.25238	0.33807	0.29099	0.31213	0.2892	0.20289	0.24248	0.2985	0.29364	0.35022	0.27112	0.32912	0.20755	0.25478	0.31876	0.26137	0.34075	0.31165	0.35515	0.3392	0.26501	0.27374	0.29635	0.22032	0.35306	0.2371	0.3597	0.28878	0.32148	0.2887	0.23263
0.26486	0.15918	0.27911	0.27955	0.31132	0.21229	0.32837	0.23258	0.33542	0.29149	0.25735	0.15324	0.28301	0.17575	0.30708	0.21982	0.32117	0.30578	0.28478	0.23451	0.17779	0.23329	0.32382	0.28147	0.34104	0.24015	0.36456	0.21331	0.25233	0.28483	0.21537	0.33804	0.31621	0.33006	0.29392	0.23576	0.25604	0.25802	0.2259	0.33207	0.22327	0.33007	0.2786	0.31304	0.28632	0.24231
0.2607	0.13688	0.23707	0.25686	0.2922	0.23124	0.30654	0.24947	0.30192	0.30053	0.26697	0.18618	0.27204	0.17644	0.29051	0.18527	0.28231	0.29114	0.28068	0.19455	0.17883	0.24418	0.33333	0.26339	0.30899	0.24718	0.38162	0.18105	0.25621	0.25969	0.19131	0.33545	0.314	0.32639	0.25151	0.20264	0.24793	0.23614	0.24227	0.3503	0.24932	0.29238	0.2933	0.29485	0.29929	0.2328
0.24752	0.11804	0.2025	0.25438	0.26168	0.23475	0.31074	0.22995	0.2836	0.32317	0.26269	0.19919	0.25082	0.18258	0.27341	0.16417	0.24493	0.25911	0.26878	0.20439	0.1756	0.24002	0.31665	0.2589	0.28706	0.23356	0.37277	0.19452	0.25339	0.24053	0.16931	0.31834	0.31545	0.32345	0.23156	0.19632	0.24141	0.27608	0.2545	0.32676	0.29042	0.26235	0.28508	0.31714	0.30546	0.22365
0.26096	0.10936	0.22082	0.24748	0.24409	0.23004	0.2871	0.19576	0.2634	0.36752	0.25622	0.17629	0.2329	0.21423	0.24987	0.16205	0.22731	0.26733	0.219	0.21951	0.20037	0.22099	0.3056	0.22916	0.26343	0.25556	0.30561	0.20588	0.26602	0.25309	0.19237	0.31302	0.29599	0.3292	0.24073	0.1833	0.24784	0.30904	0.24683	0.32463	0.27804	0.26741	0.24438	0.36322	0.32255	0.26677
0.26236	0.10972	0.20326	0.22634	0.18159	0.21982	0.24999	0.19275	0.2167	0.37078	0.27582	0.18481	0.22541	0.24823	0.22508	0.17255	0.24763	0.2363	0.18986	0.21039	0.19948	0.19914	0.27329	0.22022	0.24391	0.27053	0.2596	0.20561	0.24716	0.23899	0.22338	0.3012	0.27553	0.32738	0.2533	0.17903	0.24993	0.28946	0.22958	0.31635	0.2934	0.26052	0.21741	0.34964	0.31823	0.30565
0.23822	0.0944	0.19647	0.20086	0.18211	0.20731	0.24148	0.16934	0.16593	0.34517	0.29146	0.16489	0.21072	0.27222	0.2105	0.14182	0.29026	0.2161	0.21907	0.19089	0.21863	0.22121	0.2377	0.19751	0.26035	0.26523	0.242	0.22029	0.24624	0.23881	0.24943	0.2806	0.24599	0.30634	0.24665	0.17353	0.2666	0.26732	0.25267	0.30228	0.31687	0.24168	0.23955	0.33222	0.32966	0.29054
0.19512	0.12078	0.20594	0.18316	0.16367	0.18396	0.22059	0.17447	0.14003	0.32982	0.28969	0.14542	0.20095	0.28925	0.174	0.11452	0.30896	0.21814	0.21607	0.16972	0.25782	0.25127	0.20335	0.17934	0.27328	0.26216	0.21033	0.22811	0.25741	0.25172	0.26922	0.28732	0.22427	0.30233	0.25504	0.1751	0.29291	0.24249	0.23221	0.33295	0.30883	0.24312	0.26889	0.33524	0.32593	0.26087
0.17163	0.14519	0.21463	0.14455	0.16777	0.16634	0.21409	0.17462	0.16656	0.3048	0.27628	0.15825	0.19964	0.28151	0.16765	0.11646	0.30008	0.20242	0.21643	0.20826	0.27896	0.22926	0.18287	0.18664	0.24956	0.26354	0.18051	0.21549	0.21784	0.25586	0.27528	0.33059	0.23084	0.30972	0.27721	0.20919	0.31424	0.26398	0.23515	0.32533	0.2736	0.26077	0.23529	0.30574	0.32715	0.24628
0.18016	0.16731	0.24861	0.12815	0.16757	0.16126	0.19636	0.16994	0.17819	0.3004	0.2698	0.12592	0.16977	0.23945	0.19673	0.1374	0.29141	0.21646	0.19873	0.23143	0.27415	0.20418	0.17962	0.20237	0.2762	0.2633	0.17074	0.23256	0.20052	0.25366	0.29406	0.34365	0.22276	0.28686	0.27344	0.24346	0.32526	0.24627	0.23792	0.29693	0.23139	0.26219	0.21153	0.2779	0.28472	0.23143
0.16127	0.17278	0.25628	0.12621	0.17567	0.1671	0.16607	0.18247	0.14758	0.2724	0.27181	0.11158	0.15016	0.21141	0.21853	0.13628	0.27098	0.23005	0.18899	0.21384	0.25649	0.16776	0.19597	0.22188	0.28316	0.25148	0.17009	0.21528	0.20376	0.27289	0.29227	0.30575	0.23226	0.27008	0.26435	0.22748	0.32898	0.22562	0.21882	0.27214	0.20444	0.25711	0.22257	0.23074	0.24829	0.18324
0.12359	0.19281	0.22464	0.14103	0.19093	0.14158	0.13692	0.19327	0.14227	0.22312	0.28946	0.1208	0.14169	0.18655	0.23984	0.13342	0.27722	0.22469	0.20045	0.21847	0.2423	0.17137	0.22101	0.21405	0.28209	0.22438	0.17828	0.21089	0.19269	0.27247	0.25004	0.26807	0.2151	0.2395	0.27771	0.23078	0.28128	0.19873	0.20404	0.20611	0.19198	0.2113	0.23157	0.2171	0.23468	0.13247
0.09428	0.1644	0.20398	0.14535	0.20086	0.13945	0.13886	0.1657	0.16892	0.20954	0.25076	0.10359	0.14095	0.17426	0.24068	0.1705	0.23948	0.22147	0.205	0.25373	0.24982	0.18804	0.23858	0.20247	0.28919	0.20487	0.20409	0.20489	0.17214	0.2941	0.22173	0.28057	0.22949	0.24133	0.25821	0.26122	0.28141	0.19343	0.19218	0.19246	0.17245	0.21532	0.24857	0.23577	0.26456	0.13376
0.08787	0.14438	0.16681	0.1428	0.19244	0.13297	0.10237	0.15979	0.18235	0.19835	0.22985	0.12304	0.15353	0.1719	0.25489	0.20614	0.18435	0.20247	0.20755	0.25216	0.24813	0.19458	0.2514	0.21305	0.2353	0.17764	0.19624	0.2123	0.17719	0.28395	0.18162	0.27496	0.23112	0.23706	0.24127	0.25948	0.25556	0.20964	0.17404	0.19754	0.14806	0.20102	0.2425	0.20709	0.23897	0.16029
0.08854	0.13011	0.10575	0.15515	0.212	0.14742	0.10401	0.16532	0.17467	0.20843	0.21038	0.10417	0.16031	0.18544	0.23828	0.20313	0.16039	0.18855	0.24297	0.25442	0.20216	0.19612	0.26596	0.20403	0.21488	0.18032	0.20504	0.2259	0.14547	0.27651	0.16896	0.25138	0.20233	0.22966	0.2116	0.24638	0.23471	0.22847	0.15943	0.16965	0.16644	0.17571	0.23818	0.2098	0.22693	0.17917
0.1096	0.10724	0.10164	0.17123	0.21725	0.14211	0.09327	0.17039	0.1287	0.19362	0.18618	0.09374	0.17647	0.21277	0.21964	0.1842	0.17005	0.19277	0.22871	0.2343	0.19147	0.22653	0.27712	0.16095	0.19311	0.19899	0.18799	0.24394	0.19709	0.26099	0.17197	0.22156	0.17431	0.20441	0.17913	0.24838	0.18479	0.23599	0.15739	0.14565	0.16522	0.13814	0.25162	0.22431	0.20598	0.17653
0.12998	0.08994	0.0885	0.16426	0.21534	0.13509	0.0763	0.16331	0.11294	0.16735	0.16742	0.12643	0.20036	0.23689	0.20403	0.17576	0.19915	0.20469	0.24863	0.22699	0.19531	0.20647	0.28267	0.14032	0.1827	0.1665	0.18886	0.21138	0.20505	0.24444	0.16899	0.20461	0.19278	0.1761	0.14445	0.2304	0.15135	0.2366	0.14786	0.13872	0.1789	0.12626	0.2444	0.2181	0.18969	0.19526
0.12834	0.09744	0.04561	0.159	0.19992	0.1272	0.06281	0.16147	0.12549	0.18371	0.14197	0.1472	0.22448	0.21366	0.17818	0.20904	0.1936	0.21418	0.2373	0.22304	0.21354	0.21405	0.30519	0.16332	0.14142	0.1907	0.19678	0.18812	0.17963	0.21563	0.16978	0.21727	0.20357	0.17464	0.13083	0.24594	0.14443	0.21338	0.14188	0.14818	0.18626	0.12494	0.22652	0.19393	0.19686	0.20924
0.1125	0.11842	0.02531	0.14181	0.19458	0.13243	0.07686	0.14438	0.14127	0.17337	0.13476	0.14335	0.2222	0.19536	0.16712	0.22225	0.18807	0.24191	0.21967	0.18418	0.22308	0.21508	0.28246	0.19192	0.13925	0.16007	0.22542	0.18714	0.15806	0.24413	0.17852	0.1744	0.20811	0.16423	0.12558	0.22519	0.16902	0.20167	0.14108	0.16809	0.19367	0.11247	0.21878	0.15652	0.19057	0.20619
0.14883	0.15567	-0.01365	0.1582	0.1632	0.11403	0.07346	0.1765	0.13531	0.19515	0.13311	0.14528	0.2163	0.18323	0.17325	0.22657	0.22666	0.25133	0.20315	0.17146	0.23412	0.21253	0.27592	0.19408	0.14611	0.17565	0.21982	0.16896	0.15483	0.24202	0.17565	0.14535	0.18693	0.14172	0.13896	0.21791	0.18418	0.19822	0.13351	0.16257	0.19664	0.08867	0.17877	0.15394	0.15791	0.16745
0.15248	0.17153	-0.000735982	0.15817	0.14769	0.16625	0.11113	0.18	0.12082	0.1876	0.12247	0.15848	0.2292	0.17068	0.1558	0.23839	0.25624	0.28253	0.17825	0.19798	0.26135	0.21588	0.26899	0.22292	0.17084	0.15915	0.22807	0.14651	0.18648	0.20521	0.17476	0.1688	0.21159	0.10322	0.11994	0.19297	0.1844	0.18889	0.12786	0.14883	0.18489	0.09276	0.17351	0.16811	0.1253	0.1195
0.12917	0.18702	0.01517	0.15975	0.13069	0.18408	0.12319	0.18134	0.15948	0.20301	0.16894	0.18391	0.2411	0.17527	0.2362	0.29821	0.28305	0.31283	0.2003	0.2303	0.32926	0.22762	0.28721	0.25945	0.23691	0.14993	0.2389	0.14597	0.19827	0.17559	0.16661	0.16639	0.1979	0.09337	0.12037	0.16816	0.16199	0.18768	0.14297	0.17841	0.15188	0.1254	0.15284	0.15697	0.131	0.09342
0.1209	0.20724	0.000402323	0.15624	0.12043	0.21326	0.13878	0.24944	0.20839	0.22813	0.22945	0.20768	0.25022	0.21704	0.25354	0.32261	0.32129	0.31963	0.25452	0.26892	0.3645	0.23241	0.31652	0.32533	0.28826	0.16213	0.26775	0.16348	0.18048	0.16947	0.15263	0.13822	0.19189	0.11283	0.14026	0.13488	0.2039	0.1581	0.10937	0.18354	0.13542	0.15017	0.14724	0.17301	0.13044	0.11092
0.16725	0.26149	0.04213	0.18659	0.12534	0.25215	0.21773	0.30789	0.23857	0.28116	0.25915	0.22759	0.29259	0.27932	0.30179	0.36199	0.36516	0.35983	0.29541	0.29391	0.38522	0.3059	0.34332	0.4018	0.33828	0.21814	0.31104	0.21421	0.18856	0.18346	0.14952	0.11508	0.16806	0.12625	0.16015	0.12279	0.21848	0.13347	0.09844	0.17264	0.09443	0.14372	0.1485	0.19289	0.1495	0.13281
0.2376	0.2946	0.12581	0.24424	0.16749	0.32559	0.29916	0.37148	0.30176	0.34546	0.3191	0.3012	0.36597	0.36241	0.3941	0.43292	0.39463	0.4084	0.38539	0.39865	0.45235	0.38073	0.39096	0.44912	0.41652	0.28672	0.3712	0.25518	0.22931	0.16416	0.17367	0.12286	0.12769	0.13791	0.1392	0.08026	0.21775	0.12371	0.10733	0.14061	0.09592	0.15169	0.1597	0.19957	0.12957	0.13399
0.32562	0.33509	0.23157	0.34406	0.26404	0.43267	0.4103	0.47598	0.38822	0.45093	0.43325	0.43517	0.43394	0.46196	0.48434	0.52475	0.48474	0.54937	0.5065	0.54966	0.57812	0.48571	0.51346	0.52848	0.4836	0.37162	0.43588	0.3083	0.27997	0.14389	0.17314	0.1414	0.12222	0.13619	0.14016	0.07808	0.18185	0.11983	0.13508	0.13348	0.07199	0.17369	0.13258	0.18908	0.11609	0.1243
0.44122	0.41938	0.41281	0.472	0.4418	0.59414	0.5496	0.59861	0.53081	0.57494	0.61975	0.60444	0.5783	0.65618	0.65768	0.6762	0.61454	0.71532	0.67233	0.73267	0.70816	0.64261	0.69087	0.65855	0.5947	0.4877	0.51436	0.35119	0.31054	0.1681	0.21287	0.16392	0.14528	0.14426	0.14029	0.08022	0.16859	0.124	0.10949	0.1285	0.05339	0.18385	0.13997	0.17424	0.1159	0.09518
0.62609	0.58649	0.62279	0.6461	0.63955	0.79323	0.75251	0.80608	0.74485	0.78355	0.8383	0.86112	0.75885	0.90465	0.90477	0.89246	0.83203	0.91146	0.86408	0.94533	0.91128	0.86882	0.91496	0.81305	0.71958	0.61715	0.65069	0.45244	0.35229	0.23279	0.2226	0.15979	0.15559	0.165	0.1518	0.0731	0.17217	0.10189	0.12404	0.13882	0.10458	0.14215	0.12643	0.20836	0.13151	0.12059
0.90818	0.83869	0.90197	0.92152	0.89373	1.08148	1.00953	1.06342	1.02053	1.09401	1.12973	1.15204	1.06482	1.20455	1.20694	1.19309	1.13335	1.20847	1.14498	1.24361	1.18092	1.16089	1.19268	1.07954	0.90922	0.81989	0.79815	0.53806	0.42323	0.3045	0.25623	0.18306	0.16737	0.17632	0.13703	0.08363	0.18334	0.10695	0.12018	0.15845	0.10102	0.11026	0.09927	0.2042	0.11424	0.08882
1.28587	1.21082	1.28763	1.31147	1.2836	1.4998	1.40027	1.40191	1.36417	1.50708	1.55872	1.54197	1.48721	1.62412	1.60752	1.61487	1.52152	1.61152	1.58028	1.64965	1.59941	1.54468	1.58912	1.39072	1.18172	1.10499	0.96143	0.64456	0.53514	0.37424	0.3209	0.23445	0.18291	0.17994	0.12994	0.09363	0.16436	0.15669	0.1231	0.16981	0.10093	0.12148	0.06956	0.17677	0.1205	0.06714
1.8038	1.68993	1.7953	1.84199	1.79439	2.02596	1.959	1.92897	1.89114	2.02969	2.14853	2.11191	2.01177	2.18907	2.14671	2.12853	2.08662	2.14366	2.1428	2.17375	2.10887	2.04982	2.08514	1.80921	1.55628	1.40694	1.18467	0.8424	0.65449	0.48831	0.40801	0.31381	0.21515	0.18267	0.15461	0.1356	0.13906	0.17732	0.07811	0.19076	0.06159	0.12306	0.04635	0.19411	0.12432	0.0758
2.44805	2.3619	2.4793	2.50741	2.48603	2.69869	2.63421	2.6403	2.5855	2.7109	2.87888	2.80496	2.71912	2.90047	2.84306	2.82968	2.82784	2.80786	2.85406	2.83913	2.7743	2.69978	2.69426	2.3433	2.02069	1.7993	1.50321	1.107	0.84559	0.65553	0.47115	0.37544	0.26071	0.19029	0.20662	0.18906	0.12151	0.18251	0.06484	0.17867	0.06052	0.10551	0.05917	0.19673	0.13202	0.08064
3.29845	3.23566	3.34099	3.37709	3.34301	3.55377	3.48961	3.51085	3.46595	3.58512	3.74123	3.64746	3.64097	3.78716	3.71651	3.68782	3.7136	3.65313	3.70238	3.67916	3.62874	3.48073	3.42702	3.0128	2.64225	2.28379	1.89162	1.37284	1.06533	0.8502	0.59355	0.4564	0.29531	0.21632	0.22147	0.20957	0.13629	0.19383	0.06671	0.16947	0.10336	0.09556	0.08762	0.23926	0.16307	0.11322
4.36658	4.3252	4.37275	4.46424	4.41354	4.60799	4.52916	4.59278	4.55086	4.67173	4.84283	4.69089	4.74759	4.84228	4.75334	4.75089	4.75825	4.71045	4.75314	4.68172	4.62738	4.42329	4.2884	3.8074	3.3981	2.87877	2.35137	1.74209	1.30109	1.02152	0.72297	0.52263	0.32666	0.25713	0.23322	0.23772	0.13875	0.20059	0.09915	0.16241	0.1285	0.10397	0.08504	0.23385	0.18833	0.15361
5.66432	5.61945	5.64789	5.77733	5.72769	5.86069	5.85592	5.87855	5.82495	5.9218	6.13599	5.93553	6.02898	6.11246	5.96445	6.02599	6.0294	5.92506	5.98532	5.84463	5.78938	5.54033	5.31991	4.71429	4.20914	3.58273	2.87736	2.1708	1.64083	1.26379	0.89138	0.59284	0.39246	0.31487	0.29581	0.26796	0.14368	0.22477	0.10596	0.13726	0.12006	0.11847	0.12652	0.21844	0.19956	0.16152
7.13153	7.16164	7.1647	7.27923	7.25651	7.3182	7.37435	7.38391	7.32343	7.35319	7.60521	7.44047	7.49863	7.54768	7.4222	7.46215	7.43827	7.31069	7.3591	7.17998	7.11092	6.76563	6.47554	5.69819	5.12261	4.31736	3.50435	2.67981	1.96661	1.50785	1.0666	0.68572	0.48647	0.33106	0.36423	0.32491	0.16448	0.21925	0.14644	0.10639	0.1454	0.14011	0.18866	0.22985	0.23516	0.20225
8.7807	8.82804	8.85217	8.92195	8.94984	8.95401	9.02164	9.05311	9.01959	8.96465	9.22758	9.0743	9.12514	9.14533	9.03131	9.0428	8.96031	8.86285	8.86338	8.64227	8.49275	8.13858	7.72154	6.80676	6.10055	5.13817	4.19516	3.22154	2.31032	1.77209	1.19883	0.78934	0.56039	0.38778	0.40649	0.33621	0.21446	0.22096	0.17224	0.1149	0.19977	0.12645	0.21692	0.25404	0.24637	0.24134
10.5505	10.6496	10.6758	10.7037	10.7177	10.7186	10.7899	10.8061	10.7825	10.7103	10.9565	10.7798	10.8529	10.8222	10.7168	10.7188	10.612	10.4907	10.4557	10.1788	9.99487	9.56924	9.03456	7.97949	7.1471	6.02671	4.87763	3.72237	2.6758	2.03763	1.36422	0.90123	0.62282	0.4565	0.41581	0.36474	0.24892	0.25338	0.26866	0.12548	0.2797	0.13612	0.23821	0.2286	0.24736	0.25799
12.4024	12.5219	12.5515	12.5285	12.5806	12.5381	12.6282	12.5895	12.5939	12.5173	12.7138	12.5613	12.587	12.5638	12.451	12.4321	12.2604	12.1593	12.0832	11.7097	11.4884	11.0295	10.3852	9.17264	8.23366	6.90295	5.57541	4.2805	3.09955	2.27383	1.53142	1.01316	0.68468	0.53839	0.443	0.3863	0.29008	0.30107	0.30761	0.15969	0.35674	0.17915	0.2545	0.26153	0.27124	0.29604
14.2794	14.3946	14.422	14.3564	14.4255	14.3879	14.4958	14.4131	14.4146	14.3504	14.4596	14.3561	14.3452	14.3107	14.1833	14.1435	13.9336	13.7931	13.711	13.2535	12.9419	12.4503	11.7433	10.3397	9.27383	7.74763	6.28576	4.83949	3.53126	2.50739	1.70869	1.12169	0.77817	0.64477	0.50804	0.4446	0.35106	0.3416	0.34932	0.20385	0.39056	0.21365	0.29257	0.26018	0.29032	0.32141
16.1209	16.222	16.2707	16.1101	16.2179	16.1639	16.2566	16.1214	16.176	16.0838	16.1457	16.0993	16.0416	15.9894	15.8782	15.7793	15.5317	15.3966	15.2515	14.7681	14.4048	13.8295	13.0564	11.503	10.2523	8.55913	6.95027	5.3856	3.88145	2.7799	1.89027	1.23817	0.92227	0.71494	0.58388	0.51725	0.41778	0.33571	0.37168	0.21001	0.42522	0.22575	0.29664	0.32518	0.31095	0.38765
17.7963	17.8951	17.9544	17.7555	17.871	17.8104	17.8959	17.7805	17.8113	17.71	17.7402	17.7279	17.5969	17.5304	17.439	17.2945	16.9697	16.8918	16.695	16.1619	15.7376	15.1135	14.2709	12.6074	11.1594	9.29312	7.56817	5.89294	4.22272	2.99004	2.01214	1.36839	1.00649	0.78918	0.61068	0.55227	0.45267	0.40738	0.42396	0.28531	0.4651	0.27124	0.31504	0.36476	0.423	0.42009
19.3374	19.4166	19.4939	19.257	19.3848	19.3035	19.3874	19.2544	19.2724	19.2038	19.184	19.212	19.0269	18.9452	18.8741	18.6945	18.3521	18.274	18.0291	17.4448	16.9786	16.3438	15.3695	13.6047	12.0229	10.0248	8.17172	6.34493	4.57454	3.25085	2.16491	1.50967	1.07235	0.90926	0.6773	0.61296	0.4908	0.46188	0.51815	0.34151	0.54302	0.38039	0.39184	0.43771	0.53866	0.45924
20.7123	20.7533	20.837	20.5936	20.7501	20.6587	20.6922	20.5513	20.5817	20.5346	20.4833	20.532	20.2954	20.1885	20.117	19.9223	19.5582	19.4608	19.2297	18.6673	18.1231	17.4015	16.3622	14.5172	12.8107	10.6526	8.76611	6.78881	4.92034	3.48042	2.31979	1.62577	1.19719	1.042	0.74977	0.69073	0.51781	0.4999	0.59806	0.42893	0.61892	0.45647	0.45996	0.53045	0.64932	0.52499
21.9359	21.9002	22.0176	21.7738	21.9358	21.8493	21.8746	21.7144	21.7046	21.6811	21.6081	21.6737	21.4397	21.2899	21.2517	20.9679	20.6582	20.5579	20.2662	19.732	19.0975	18.3398	17.2403	15.3136	13.5231	11.23	9.27466	7.17903	5.23115	3.68107	2.50617	1.76064	1.34907	1.14353	0.82704	0.78102	0.58682	0.56488	0.67066	0.54341	0.61381	0.56093	0.559	0.63368	0.75164	0.61084
22.9615	22.9004	23.0226	22.7736	22.8983	22.8086	22.8429	22.7061	22.6871	22.6073	22.5959	22.6338	22.3808	22.2616	22.2203	21.917	21.6257	21.5131	21.1202	20.6433	19.9673	19.1859	18.0142	16.0349	14.1417	11.7877	9.72787	7.54769	5.45998	3.9041	2.67944	1.91436	1.47965	1.19818	0.9161	0.90329	0.68333	0.61336	0.75607	0.66382	0.63002	0.67244	0.66937	0.73945	0.85146	0.72257
23.8082	23.7301	23.8385	23.5976	23.7009	23.6717	23.6596	23.5138	23.4893	23.447	23.4173	23.4417	23.1847	23.0555	23.0472	22.6823	22.4549	22.2816	21.8934	21.4094	20.7258	19.9262	18.6476	16.6363	14.6959	12.284	10.1714	7.89701	5.70987	4.13613	2.83429	2.10745	1.60241	1.2772	1.0096	0.97755	0.73371	0.68594	0.87203	0.78672	0.70448	0.81212	0.79817	0.86862	0.97981	0.85258
24.4193	24.3836	24.4853	24.2734	24.3051	24.3495	24.3634	24.1944	24.1735	24.0851	24.0342	24.0753	23.82	23.7304	23.6853	23.3331	23.1061	22.9377	22.5327	22.061	21.35	20.5545	19.2238	17.1707	15.2033	12.7257	10.5292	8.19294	5.96655	4.37206	3.04376	2.26305	1.70143	1.37932	1.10374	1.03158	0.81205	0.83808	1.02545	0.95224	0.84871	0.97403	0.97976	0.98221	1.10909	0.93508
24.9703	24.8966	24.9858	24.7627	24.7807	24.9063	24.8752	24.694	24.6756	24.5991	24.4957	24.5525	24.3497	24.2587	24.0989	23.8388	23.6432	23.4477	23.0043	22.5985	21.813	21.0414	19.6796	17.5794	15.6204	13.1311	10.8145	8.47797	6.2225	4.61303	3.30685	2.44532	1.81938	1.4904	1.25088	1.17887	0.95513	0.91427	1.19528	1.10252	1.00062	1.10926	1.10758	1.16213	1.20179	1.11039
25.3211	25.2649	25.2987	25.1169	25.1157	25.245	25.2548	25.0186	24.9775	24.8916	24.8239	24.8234	24.6686	24.6028	24.3654	24.0972	23.9945	23.7192	23.2831	22.8954	22.0839	21.3714	19.9973	17.9381	15.932	13.4298	11.0604	8.66859	6.43754	4.78281	3.53227	2.58113	1.94386	1.64576	1.37665	1.28159	1.09888	1.0857	1.29567	1.23786	1.10249	1.2537	1.25944	1.30034	1.28373	1.2521
25.4438	25.4462	25.4132	25.29	25.274	25.3289	25.3427	25.1774	25.1087	25.0714	24.939	24.9268	24.7914	24.7679	24.4607	24.278	24.141	23.8257	23.3826	22.9947	22.1926	21.569	20.1851	18.1224	16.1536	13.651	11.287	8.84911	6.64239	4.99482	3.6979	2.72303	2.04164	1.7632	1.48973	1.37521	1.29187	1.24331	1.43922	1.3501	1.17619	1.4271	1.41083	1.48591	1.44373	1.41506
25.3419	25.4337	25.2885	25.2617	25.1993	25.2032	25.2822	25.0953	25.0552	25.0108	24.9298	24.8829	24.6963	24.6676	24.3632	24.2442	24.0844	23.7524	23.3484	22.9493	22.1817	21.6007	20.2752	18.207	16.2539	13.789	11.4507	8.95589	6.84538	5.16811	3.83221	2.82511	2.1212	1.87692	1.6163	1.51167	1.45664	1.37151	1.55763	1.46014	1.3053	1.60463	1.55249	1.60483	1.61086	1.61841
25.0152	25.1488	25.0307	25.0469	24.9794	24.9366	25.0076	24.8197	24.7592	24.7801	24.652	24.5978	24.4081	24.3821	24.062	23.9614	23.8236	23.4706	23.1174	22.716	21.9709	21.41	20.175	18.1423	16.2638	13.8336	11.4784	9.01913	6.98294	5.31487	3.94957	2.91497	2.16542	2.02094	1.73781	1.65762	1.59696	1.5281	1.70468	1.59826	1.48817	1.75776	1.6831	1.78539	1.74974	1.79537
24.4663	24.6568	24.5596	24.5807	24.4516	24.4308	24.4488	24.3301	24.2872	24.2759	24.142	24.0449	23.9863	23.8697	23.5081	23.4458	23.3359	22.9714	22.6849	22.263	21.517	21.0751	19.8922	17.9297	16.1216	13.7616	11.503	9.08438	7.08818	5.40683	4.03835	3.02195	2.19779	2.10086	1.86814	1.78898	1.75167	1.69774	1.77306	1.73621	1.62182	1.87368	1.79664	1.9417	1.91304	1.9741
23.802	23.9484	23.8772	23.9768	23.7463	23.7402	23.664	23.6159	23.5817	23.613	23.4833	23.3138	23.3245	23.1621	22.8236	22.773	22.721	22.3058	22.0875	21.6214	20.9391	20.5786	19.4772	17.642	15.8881	13.6098	11.5343	9.11136	7.15876	5.49358	4.12152	3.14809	2.25598	2.15635	1.96042	1.93155	1.80428	1.79037	1.80702	1.86426	1.72155	1.98205	1.89439	2.07182	2.0332	2.16137
22.8829	23.0551	22.9951	23.1104	22.9112	22.8493	22.7553	22.6976	22.7684	22.7954	22.6422	22.4821	22.4261	22.3377	22.0571	21.9761	21.9105	21.5585	21.3695	20.8983	20.3159	19.9952	18.9476	17.2218	15.5714	13.4464	11.4762	9.16668	7.22515	5.58655	4.05693	3.31615	2.39733	2.22488	2.03314	2.0225	1.84891	1.9147	1.85794	1.98378	1.82987	2.09602	2.04198	2.1842	2.14369	2.28802
21.9165	22.0473	21.9994	22.1278	21.8888	21.8624	21.8013	21.7257	21.8378	21.8634	21.6248	21.5367	21.474	21.4143	21.1501	21.1039	21.0558	20.7347	20.5574	20.1016	19.6563	19.2486	18.3521	16.6864	15.2813	13.2413	11.3329	9.15954	7.28422	5.68715	4.06195	3.40924	2.52147	2.31909	2.08887	2.11492	1.91374	1.98235	1.96898	2.09001	1.96137	2.24361	2.0902	2.23591	2.31189	2.35302
20.9068	20.9857	21.0212	21.0247	20.8143	20.9297	20.7619	20.6736	20.8325	20.795	20.6272	20.5615	20.4844	20.4843	20.1633	20.1302	20.1951	19.83	19.6909	19.2362	18.9222	18.514	17.8118	16.1789	14.8928	13.0636	11.1437	9.20362	7.3451	5.83138	4.24273	3.56394	2.65819	2.37829	2.18366	2.2234	1.9527	2.03224	2.07403	2.18575	2.13255	2.32592	2.14729	2.31812	2.35259	2.46252
19.8892	19.9386	19.9571	19.9987	19.773	19.9069	19.7218	19.6647	19.7416	19.8118	19.5634	19.5815	19.5624	19.5884	19.1793	19.227	19.2631	18.9252	18.8342	18.4335	18.1919	17.8017	17.2926	15.8254	14.5073	12.9509	11.1742	9.34107	7.46472	5.9988	4.45194	3.72634	2.84959	2.56703	2.28988	2.2837	2.03481	2.08885	2.13354	2.19866	2.17578	2.37756	2.26048	2.41869	2.4202	2.49701
18.9704	18.9682	18.9643	19.0566	18.7304	18.897	18.7416	18.752	18.7984	18.9371	18.6397	18.6822	18.6741	18.6973	18.3111	18.3909	18.3589	18.1109	18.0475	17.7348	17.5511	17.1836	16.824	15.5696	14.194	12.9038	11.2641	9.5294	7.61901	6.16412	4.66212	3.89697	3.0353	2.68984	2.32225	2.38496	2.09162	2.12873	2.18928	2.27575	2.25958	2.38192	2.34502	2.49497	2.51559	2.5251
18.1497	18.0868	18.0638	18.1956	17.9644	17.8833	17.9442	17.962	17.9474	18.0763	17.8092	17.9054	17.7397	17.8771	17.5999	17.6473	17.6321	17.4522	17.361	17.2244	17.0325	16.7019	16.4634	15.3413	14.069	12.9143	11.4001	9.78174	7.78504	6.45087	4.83432	4.10538	3.20276	2.77929	2.40401	2.39975	2.22984	2.24191	2.19818	2.30352	2.31707	2.3727	2.39532	2.57343	2.54977	2.60475
17.3834	17.4333	17.2912	17.4638	17.1501	17.1455	17.2957	17.3115	17.2632	17.3518	17.0977	17.21	17.0419	17.1427	17.0496	17.0069	17.0123	16.8151	16.8043	16.8549	16.5973	16.3176	16.2151	15.0636	14.0041	12.9969	11.5804	10.0275	8.05244	6.69018	5.04862	4.26766	3.37118	2.89407	2.47468	2.5241	2.35188	2.32113	2.25003	2.25949	2.35819	2.3439	2.42738	2.55439	2.49358	2.62054
16.8701	16.8862	16.777	16.8759	16.5698	16.5676	16.7054	16.7556	16.6612	16.755	16.5399	16.6562	16.5072	16.5656	16.5011	16.4902	16.5197	16.3065	16.4375	16.4891	16.2745	16.0959	16.0416	15.0171	14.0115	13.1302	11.8958	10.2812	8.39811	7.02395	5.43684	4.36374	3.54158	2.98407	2.61122	2.63241	2.44466	2.33945	2.2414	2.27096	2.34721	2.29007	2.38559	2.52914	2.49951	2.59919
16.4487	16.5072	16.3283	16.4194	16.15	16.2305	16.3179	16.271	16.1001	16.2758	16.1418	16.2309	16.1668	16.1516	16.1917	16.0181	16.1452	16.0426	16.1995	16.2102	16.0684	15.9872	15.9377	15.0946	14.0783	13.3651	12.3543	10.7009	8.76975	7.34453	5.72819	4.59687	3.734	3.08977	2.7626	2.69778	2.53112	2.2811	2.20126	2.24334	2.34308	2.24356	2.45928	2.54832	2.44959	2.65418
16.0829	16.2432	15.9929	16.0394	15.7928	15.897	15.9252	15.9551	15.7229	16.0259	15.8309	15.811	15.8187	15.7347	16.0071	15.7156	15.8657	15.8193	15.9376	16.0667	15.9524	15.9884	15.8608	15.2195	14.306	13.5519	12.7026	11.0736	9.07318	7.57024	5.85929	4.71035	3.84428	3.16643	2.85906	2.72809	2.57797	2.2384	2.16126	2.17753	2.23746	2.19442	2.50533	2.44279	2.48518	2.61562
15.8626	16.1147	15.8749	15.7586	15.6298	15.672	15.6423	15.718	15.4543	15.7204	15.6399	15.6381	15.5272	15.5048	15.8359	15.4795	15.7209	15.6501	15.8568	15.9958	15.7546	15.9933	15.9062	15.3164	14.5827	13.7502	13.074	11.4844	9.39168	7.91565	6.00469	4.74503	3.90761	3.17048	2.91934	2.71617	2.60142	2.15866	2.14295	2.21106	2.22093	2.10745	2.29442	2.27778	2.42621	2.49265
15.7639	16.0255	15.7297	15.5099	15.4317	15.642	15.49	15.5064	15.2034	15.4848	15.3942	15.4436	15.362	15.3271	15.6381	15.3378	15.6499	15.5596	15.7527	15.7865	15.61	16.0327	15.9567	15.4354	14.8174	14.1185	13.3216	11.8488	9.78203	8.22759	6.19924	4.84502	4.01963	3.15137	2.99686	2.71696	2.46925	2.09828	1.98575	2.23764	2.03316	2.11549	2.10448	2.07649	2.28571	2.34503
15.7094	15.8829	15.6756	15.2873	15.3466	15.6336	15.3074	15.2438	15.0185	15.3143	15.1971	15.2384	15.2559	15.1667	15.4	15.1385	15.5522	15.4345	15.6529	15.6642	15.622	16.0221	16.0217	15.5227	15.0046	14.5011	13.5165	12.2043	10.236	8.42581	6.46905	4.82194	4.16325	3.14859	2.99364	2.70848	2.37979	2.00616	1.89589	2.11518	1.80089	2.1892	1.96346	1.93037	2.13941	2.17641
15.7788	15.689	15.585	15.211	15.3701	15.5274	15.2135	15.1165	14.7917	15.1106	15.0769	15.0144	14.9936	14.9864	15.1268	14.8424	15.3159	15.321	15.5254	15.6197	15.4599	15.9778	16.0542	15.6403	15.1814	14.8873	13.8354	12.5569	10.5352	8.65962	6.65032	4.92434	4.17137	3.39684	2.96728	2.52809	2.27519	1.82339	1.71918	1.96043	1.6348	2.1103	1.84498	1.85768	2.05452	1.88932
15.6068	15.5127	15.4576	15.1012	15.0991	15.3917	15.0407	14.9474	14.6054	14.8826	14.8725	14.8158	14.7916	14.6902	14.8094	14.6582	15.1243	15.1292	15.2761	15.3798	15.1353	15.881	16.1726	15.6331	15.4448	15.0876	14.1273	12.8717	10.6653	8.81353	6.65241	5.08649	4.1819	3.51343	3.01599	2.52832	2.09297	1.70812	1.73853	1.7996	1.57583	1.99543	1.72051	1.7008	1.9261	1.56588
15.4335	15.2478	15.2208	14.8722	14.8969	15.086	14.7258	14.6064	14.4334	14.594	14.5801	14.5672	14.4409	14.4536	14.4919	14.4105	14.7943	14.7122	14.9627	15.1555	14.701	15.6091	16.0843	15.6097	15.5966	15.2522	14.2727	13.0898	10.8603	9.05019	6.83182	5.09113	4.28936	3.57045	2.99695	2.41676	1.9016	1.76376	1.75303	1.75884	1.50763	1.8656	1.37044	1.52408	1.64276	1.32535
15.1968	14.9765	14.8606	14.5223	14.6531	14.7798	14.3241	14.2378	14.1127	14.1176	14.173	14.1145	13.9837	14.0195	13.9968	13.9057	14.2754	14.3378	14.6328	14.7157	14.3198	15.1996	15.8292	15.3313	15.5701	15.354	14.4341	13.3524	11.0589	9.2508	6.96092	5.18648	4.31169	3.5391	2.9359	2.24223	1.77714	1.7578	1.54023	1.65753	1.32917	1.64124	1.06997	1.25099	1.35592	0.96254
14.7745	14.4216	14.2592	13.894	14.1146	14.1362	13.8416	13.6236	13.682	13.5294	13.601	13.5378	13.4317	13.3859	13.4949	13.255	13.602	13.6714	13.9934	14.167	13.9095	14.6941	15.3174	14.9611	15.3358	15.2032	14.3708	13.3267	11.1945	9.19949	7.07415	5.22002	4.20342	3.38236	2.91668	2.07811	1.57894	1.68062	1.55196	1.42901	1.13554	1.36642	0.91126	1.08394	1.07577	0.56425
14.0138	13.7151	13.6038	13.2291	13.4307	13.4008	13.1118	12.9516	13.0721	12.9099	12.9531	12.8162	12.628	12.6776	12.685	12.5853	12.8472	12.873	13.207	13.4685	13.1968	13.9801	14.7458	14.4794	14.9771	14.6444	14.2857	13.1214	11.1237	9.13304	7.01921	5.21455	4.14633	3.41314	2.97989	1.87007	1.41378	1.56542	1.47701	1.16268	0.99162	0.9955	0.67891	0.82956	0.99836	0.10438
13.0998	12.9676	12.6358	12.3149	12.5195	12.4203	12.2032	12.0927	12.2241	12.0266	12.0014	11.8646	11.7235	11.761	11.7191	11.8264	11.8686	11.9825	12.3048	12.4644	12.2699	13.1367	13.969	13.8407	14.4619	14.0611	14.0453	12.7325	10.8503	8.94845	6.84593	5.22446	3.96179	3.36492	2.89798	1.66349	1.11064	1.42055	1.33562	1.00409	0.85301	0.6768	0.33217	0.62626	0.74982	-0.31139
11.8782	12.0349	11.6449	11.1522	11.3125	11.3871	11.2693	10.8952	11.2161	10.8482	10.8613	10.8806	10.7054	10.7787	10.6377	10.944	10.6678	10.9165	11.2068	11.276	11.3511	12.0835	13.0101	13.1102	13.4986	13.1873	13.4885	12.1747	10.5235	8.62187	6.55879	4.9508	3.69236	3.15209	2.68763	1.50975	0.89261	1.29757	1.07457	0.88416	0.62263	0.39656	0.26264	0.31079	0.44036	-0.56623
10.6671	10.7884	10.4994	9.88628	10.0712	10.1947	9.97842	9.81306	9.99088	9.59876	9.48549	9.67269	9.50594	9.60148	9.50205	9.85679	9.48533	9.78854	9.99012	10.0925	10.4263	10.8639	11.84	12.097	12.3983	12.3727	12.5401	11.3784	10.1144	8.22673	6.27103	4.68766	3.49448	2.94987	2.33617	1.23446	0.72921	1.26896	0.80007	0.77135	0.32472	0.25519	-0.01331	0.09322	0.03829	-0.72173
9.30946	9.60965	9.2531	8.76339	8.71934	8.83845	8.90459	8.57479	8.69152	8.21997	8.27977	8.31071	8.28746	8.21088	8.2033	8.64609	8.35142	8.5888	8.65093	8.84512	9.19974	9.57166	10.5639	10.8643	11.4642	11.3502	11.5488	10.4968	9.35668	7.53524	6.05853	4.55735	3.24841	2.49272	2.05579	1.12487	0.84276	0.983	0.58519	0.46211	0.07417	0.01217	-0.16739	-0.17283	-0.14189	-1.03091
7.94598	8.27526	8.0898	7.49888	7.57476	7.56063	7.6405	7.25027	7.49384	6.89594	6.99081	7.06082	7.19275	6.96755	6.94276	7.46817	7.23275	7.371	7.36526	7.57771	7.95066	8.32236	9.28717	9.68499	10.2825	10.0943	10.3764	9.33477	8.53154	6.8442	5.6084	4.36698	3.24393	2.32174	1.81981	0.96164	0.74121	0.6514	0.53597	0.32285	-0.08807	-0.09558	-0.2493	-0.34823	-0.41249	-1.14073
6.67878	7.01622	6.93747	6.31065	6.41527	6.49893	6.39501	6.08984	6.30917	5.82714	5.89223	5.77391	6.12977	5.77016	5.74621	6.22502	6.11535	6.1193	6.03527	6.50041	6.7586	7.0602	8.0058	8.49904	9.10483	9.11206	9.08066	8.33832	7.53551	6.20437	5.19164	4.22529	2.9271	2.14824	1.52785	0.83951	0.71028	0.4598	0.29299	0.10024	-0.19266	-0.1666	-0.48367	-0.49012	-0.80827	-1.20007
5.59336	5.96681	5.67557	5.16249	5.12978	5.51112	5.27118	5.05189	5.13328	4.71769	4.87763	4.71129	5.18669	4.52528	4.80826	5.00181	5.0183	4.86991	4.82689	5.37731	5.4869	5.92614	6.54448	7.07744	7.59122	8.0691	7.75916	7.22145	6.52203	5.56731	4.6954	3.87437	2.60153	2.03861	1.02954	0.77631	0.62537	0.16721	0.14215	0.01847	-0.47523	-0.23114	-0.74364	-0.71057	-1.11548	-1.22073
4.58205	4.77062	4.57104	4.20863	3.97575	4.64436	4.20157	4.09891	3.98682	3.70905	3.98686	3.87958	4.08067	3.44006	3.87045	3.88837	3.97481	3.70303	3.67698	4.25615	4.40471	4.59796	5.09315	5.79115	6.30989	6.96781	6.44465	6.08846	5.64866	4.82173	4.08059	3.52511	2.322	1.78309	0.76595	0.62116	0.58326	-0.06234	-0.06795	-0.22321	-0.65426	-0.40812	-0.98374	-0.85872	-1.25946	-1.18895
3.71357	3.6478	3.47426	3.32674	3.15798	3.43711	3.16981	3.27057	2.98866	3.03455	3.15281	3.07536	3.12716	2.39432	3.02506	3.00428	2.99202	2.6825	2.70812	3.1948	3.22492	3.52657	3.68572	4.38652	5.0923	5.76445	5.25893	4.9437	4.70547	4.01838	3.61868	3.14199	2.04742	1.5045	0.42412	0.38272	0.50884	-0.27809	-0.3006	-0.61944	-0.72259	-0.60638	-1.3133	-0.99823	-1.53282	-1.28763
2.83054	2.60844	2.49902	2.47455	2.30296	2.40733	2.36975	2.4404	2.19111	2.27575	2.48524	2.39897	2.40704	1.38335	2.33279	2.25243	2.05286	1.62989	1.81783	2.30765	2.17828	2.38314	2.61248	3.09523	3.80424	4.44313	3.90098	3.9165	3.75233	3.17577	2.95735	2.5598	1.54387	1.2258	0.25733	0.0469	0.24304	-0.48431	-0.65904	-0.99462	-0.86159	-0.98652	-1.31748	-1.17157	-1.75676	-1.53776
2.10052	1.70509	1.67863	1.62563	1.49766	1.64238	1.50401	1.6455	1.41481	1.54767	1.64096	1.79212	1.55953	0.59511	1.60263	1.62127	1.18604	0.69552	0.93956	1.52466	1.26363	1.51766	1.52108	2.00572	2.34048	3.16515	2.77557	2.68517	2.74763	2.36591	2.02655	1.73288	0.96075	0.95161	-0.06677	-0.26382	-0.28675	-0.66639	-1.04615	-1.16854	-1.08022	-1.21162	-1.46649	-1.31891	-1.93578	-1.76262
1.25165	0.91888	0.81788	0.8509	0.71857	1.0188	0.8659	0.98915	0.73954	0.72342	0.93876	1.16668	0.75619	-0.0964	0.76176	0.98589	0.35125	-0.08912	0.20058	0.7406	0.26771	0.47168	0.41321	0.85119	0.92216	1.7013	1.51483	1.52037	1.78849	1.43362	1.41064	0.756	0.35352	0.51741	-0.47381	-0.44822	-0.64295	-0.77033	-1.30672	-1.22885	-1.3208	-1.54374	-1.72499	-1.68326	-1.92249	-2.08919
0.35248	0.01907	0.17436	0.14492	0.11213	0.15404	0.27259	0.26003	-0.00557	-0.07534	0.22702	0.57234	0.01724	-0.78389	-0.0614	0.38383	-0.48816	-0.68105	-0.46607	-0.10526	-0.60039	-0.43835	-0.64764	-0.25666	-0.27996	0.26835	0.39547	0.23084	0.59651	0.41003	0.48972	-0.05565	-0.08244	0.00272	-0.87938	-0.89258	-0.99548	-0.92882	-1.44215	-1.48889	-1.6898	-1.97063	-1.76893	-2.01216	-2.26463	-2.17314
-0.39549	-0.69751	-0.43364	-0.37252	-0.50346	-0.68966	-0.40188	-0.26866	-0.6741	-0.65897	-0.39009	-0.02509	-0.61941	-1.29398	-0.63584	-0.23705	-1.13067	-1.28898	-1.03607	-0.76827	-1.37861	-1.36444	-1.43071	-1.26585	-1.24728	-1.22212	-0.68247	-0.84745	-0.47354	-0.59369	-0.24416	-0.81339	-0.65337	-0.67108	-1.20865	-1.28643	-1.36597	-1.12194	-1.63574	-1.84829	-2.03288	-2.28888	-1.9223	-2.29104	-2.47162	-2.35246
-1.08439	-1.19485	-0.94905	-1.12769	-1.02149	-1.38796	-1.01368	-0.87024	-1.15027	-1.26518	-0.86803	-0.69112	-0.97901	-1.73371	-1.15454	-0.84821	-1.60553	-1.83827	-1.59966	-1.26353	-1.94762	-2.16469	-2.15413	-2.1339	-2.29183	-2.46124	-1.87618	-1.8702	-1.65003	-1.3137	-0.8927	-1.55832	-1.33375	-1.31173	-1.80608	-1.64604	-1.68097	-1.38741	-2.00926	-2.13076	-2.18721	-2.64277	-2.06415	-2.68028	-2.85399	-2.72501
-1.75224	-1.67113	-1.44011	-1.65025	-1.55651	-1.83668	-1.43884	-1.5409	-1.46264	-1.96771	-1.29848	-1.38255	-1.63308	-2.03431	-1.64937	-1.58592	-2.10077	-2.33815	-2.24907	-1.73295	-2.51283	-2.84125	-2.97521	-2.69528	-3.11651	-3.42254	-2.94308	-2.96873	-2.80109	-2.08509	-1.60209	-2.30073	-1.8916	-1.93806	-2.30147	-1.93086	-1.98615	-1.8121	-2.31011	-2.21806	-2.51672	-3.00693	-2.27677	-3.07273	-2.91233	-2.87196
-2.37986	-2.28616	-2.01653	-2.18994	-2.12302	-2.30172	-1.91213	-1.97712	-1.92122	-2.4274	-1.83348	-1.93675	-2.23314	-2.25889	-2.23602	-2.25534	-2.52846	-2.83366	-2.82165	-2.21207	-3.04131	-3.36269	-3.86515	-3.52642	-3.91101	-4.06804	-3.65928	-3.96003	-3.77838	-2.84534	-2.342	-2.88827	-2.43025	-2.37907	-2.6366	-2.17592	-2.4134	-2.27952	-2.48701	-2.4287	-2.88498	-3.23247	-2.60291	-3.28547	-3.11052	-2.88492
-3.00308	-2.80974	-2.59154	-2.69426	-2.72295	-2.83703	-2.35968	-2.47966	-2.45025	-2.74331	-2.2469	-2.48908	-2.70549	-2.63796	-2.60231	-2.88024	-3.05823	-3.24001	-3.36836	-2.75919	-3.47782	-3.87608	-4.44357	-4.14227	-4.67039	-4.77939	-4.50599	-4.82026	-4.5345	-3.51418	-2.89353	-3.373	-2.87178	-2.73994	-3.04768	-2.56987	-2.76366	-2.76913	-2.7107	-2.96478	-3.02446	-3.48753	-2.88078	-3.6821	-3.45035	-3.09441
-3.4735	-3.34234	-3.19213	-3.08191	-3.40736	-3.43485	-2.84767	-3.04379	-3.00588	-3.15873	-2.79589	-3.06196	-3.18608	-3.13478	-2.92096	-3.42585	-3.46803	-3.621	-3.94112	-3.38999	-3.814	-4.35312	-5.01069	-4.89723	-5.13377	-5.46142	-5.22328	-5.38369	-5.03166	-4.03769	-3.52928	-3.755	-3.28048	-3.26195	-3.30964	-2.87205	-3.09902	-3.225	-3.14031	-3.46055	-3.35729	-3.59544	-2.97346	-3.74322	-3.71313	-3.16364
-3.84627	-3.64359	-3.69396	-3.59465	-3.78827	-3.99182	-3.41282	-3.69965	-3.4588	-3.62918	-3.31003	-3.47722	-3.71662	-3.56351	-3.31849	-3.81332	-3.94525	-4.09937	-4.36274	-3.90253	-4.22209	-4.69528	-5.29462	-5.44417	-5.58776	-5.70303	-5.79354	-5.97188	-5.3681	-4.57836	-4.04126	-4.24588	-3.66097	-3.56961	-3.55817	-3.08222	-3.37194	-3.54426	-3.56747	-3.6107	-3.27336	-3.53213	-3.16469	-3.86579	-3.74677	-3.36168
-4.41617	-4.22949	-4.21118	-4.02153	-4.31097	-4.4139	-3.94168	-4.20354	-4.0003	-4.24406	-3.82191	-3.93166	-4.22845	-3.85393	-3.79544	-4.11169	-4.43564	-4.58426	-4.84295	-4.47811	-4.71462	-5.0478	-5.7186	-5.94251	-6.00378	-6.06576	-6.30916	-6.53446	-5.61139	-4.92478	-4.45141	-4.61905	-3.96121	-4.04562	-3.75498	-3.19564	-3.68665	-3.81812	-3.77466	-3.63343	-3.39425	-3.59466	-3.38291	-3.97463	-4.00995	-3.54357
-4.91612	-4.78309	-4.793	-4.47417	-4.76836	-4.7901	-4.46011	-4.69722	-4.50738	-4.63236	-4.39891	-4.44366	-4.74277	-4.30656	-4.26732	-4.51253	-4.86661	-4.98217	-5.34057	-4.85159	-5.12369	-5.38136	-6.06898	-6.42823	-6.39269	-6.38781	-6.5848	-6.80053	-5.80467	-5.2515	-4.86959	-4.84133	-4.09841	-4.18078	-3.81845	-3.36669	-3.88816	-3.93624	-3.78229	-3.79094	-3.66575	-3.68865	-3.59403	-3.99174	-3.88702	-3.63108
-5.30523	-5.16492	-5.24171	-4.88436	-5.01847	-5.15379	-4.93076	-5.0944	-5.13337	-4.98659	-4.79223	-5.01581	-5.0353	-4.72769	-4.71125	-4.85432	-5.23102	-5.3149	-5.56265	-5.22779	-5.45881	-5.63002	-6.12958	-6.59589	-6.77902	-6.67632	-6.75495	-6.88409	-5.92382	-5.53849	-5.1541	-4.85115	-4.26659	-4.29458	-3.95433	-3.48025	-4.02946	-4.06645	-3.67773	-3.92117	-3.66469	-3.71418	-3.75966	-4.00106	-3.92114	-3.77306
-5.62319	-5.35963	-5.54915	-5.17556	-5.38005	-5.43282	-5.36337	-5.50281	-5.43948	-5.42772	-5.2047	-5.37771	-5.37415	-5.13432	-5.08174	-5.32233	-5.59723	-5.59351	-5.81241	-5.53382	-5.74691	-5.87646	-6.23	-6.60918	-6.98127	-7.02095	-6.84483	-6.86519	-5.93563	-5.62954	-5.16624	-4.96465	-4.32391	-4.38646	-3.97887	-3.61377	-4.03169	-4.10253	-3.78569	-3.81499	-3.81376	-3.735	-3.59602	-4.09481	-4.06361	-3.75402
-5.92986	-5.67718	-5.78798	-5.43102	-5.65881	-5.71271	-5.6531	-5.6496	-5.68263	-5.72765	-5.48536	-5.60896	-5.56559	-5.40712	-5.39889	-5.51946	-5.88954	-5.92337	-5.90515	-5.76774	-6.03417	-6.01733	-6.26856	-6.61571	-7.12591	-7.05658	-6.78548	-6.8414	-6.02235	-5.79049	-5.28575	-4.81071	-4.45829	-4.38517	-3.97269	-3.67678	-4.06952	-3.83549	-3.87827	-3.6672	-3.62303	-3.59649	-3.65969	-3.88709	-3.89647	-3.62387
-6.13585	-5.8169	-5.88189	-5.73279	-5.87029	-5.75938	-5.85957	-5.72615	-5.85223	-6.00767	-5.69141	-5.76751	-5.77957	-5.61153	-5.53589	-5.71383	-5.94537	-6.21567	-6.02928	-5.85241	-6.35931	-6.20114	-6.24556	-6.42296	-7.28704	-6.88517	-6.67244	-6.7864	-5.98895	-5.62803	-5.3018	-4.70908	-4.46451	-4.2293	-4.04238	-3.75986	-3.90818	-3.57388	-3.72881	-3.33842	-3.37091	-3.64587	-3.58482	-3.77487	-3.56977	-3.43611
-6.2611	-5.91191	-6.16547	-5.8021	-6.10201	-5.85919	-5.84133	-5.77327	-5.86483	-6.09478	-5.74234	-5.85345	-5.96158	-5.63754	-5.70237	-5.7982	-5.83366	-6.1945	-6.14407	-5.73711	-6.26143	-6.27197	-6.28735	-6.21263	-7.18458	-6.7324	-6.50703	-6.51006	-5.9019	-5.45491	-5.08734	-4.67139	-4.23687	-4.01094	-3.83307	-3.71653	-3.78513	-3.48933	-3.53659	-3.33642	-3.25899	-3.52695	-3.28637	-3.53564	-3.30798	-3.18499
-6.2284	-5.82193	-6.21891	-5.89132	-6.04588	-5.88355	-5.68192	-5.71465	-5.64553	-6.05503	-5.76252	-5.95977	-5.93182	-5.72986	-5.78316	-5.9183	-5.62395	-6.0355	-6.10633	-5.77249	-6.23514	-6.2405	-6.03755	-5.91341	-6.85672	-6.50633	-6.21904	-6.16192	-5.67303	-5.42067	-4.81386	-4.3731	-4.16438	-3.60936	-3.61048	-3.63973	-3.56306	-3.36248	-3.236	-3.29489	-2.87737	-3.29371	-2.98863	-3.34935	-3.03136	-3.0817
-6.09419	-5.70408	-6.03073	-5.72442	-6.00182	-5.70603	-5.58051	-5.58127	-5.61741	-5.75173	-5.69516	-5.78397	-5.91739	-5.72598	-5.68396	-5.72507	-5.52821	-5.82429	-5.87348	-5.76262	-6.22065	-5.97009	-5.86881	-5.62177	-6.47464	-6.17154	-5.79513	-5.75115	-5.42164	-5.1228	-4.44833	-4.24912	-4.02886	-3.4829	-3.32106	-3.36595	-3.3355	-3.23775	-3.06356	-3.03853	-2.72398	-2.89011	-2.68489	-3.19898	-2.93813	-2.76885
-5.83927	-5.5067	-5.88881	-5.54204	-5.83595	-5.3511	-5.38324	-5.308	-5.39426	-5.48561	-5.507	-5.49629	-5.63797	-5.38984	-5.42275	-5.51931	-5.2269	-5.60846	-5.55174	-5.47478	-5.87952	-5.67324	-5.565	-5.34409	-6.03743	-5.83487	-5.41771	-5.26218	-5.06481	-4.70897	-3.87215	-3.90601	-3.80906	-3.09115	-2.95142	-2.99249	-2.94002	-2.78908	-2.74153	-2.7434	-2.40973	-2.56309	-2.43872	-2.8791	-2.62404	-2.40028
-5.35105	-5.11084	-5.52503	-5.1631	-5.45195	-5.09614	-5.00401	-4.78539	-5.06899	-5.10518	-5.03161	-5.06866	-5.18888	-5.06911	-5.1225	-5.15313	-4.71084	-5.3118	-5.26302	-5.05163	-5.29713	-5.33912	-5.15986	-5.06302	-5.36751	-5.22782	-4.84744	-4.59998	-4.45065	-4.19737	-3.52736	-3.46646	-3.3549	-2.64561	-2.60044	-2.54371	-2.59903	-2.42952	-2.27296	-2.48293	-1.9384	-2.14423	-2.18416	-2.58681	-2.28837	-2.10308
-4.76183	-4.59909	-4.97755	-4.62307	-4.79542	-4.55384	-4.60107	-4.28054	-4.70886	-4.61308	-4.49928	-4.63237	-4.7002	-4.60695	-4.75732	-4.76114	-4.27521	-4.76814	-4.76749	-4.6165	-4.62533	-4.89279	-4.77222	-4.63865	-4.68526	-4.6368	-4.17174	-3.92919	-3.97385	-3.72349	-2.89187	-2.90531	-2.6977	-2.18842	-2.29922	-1.91097	-2.40426	-2.27696	-1.75916	-2.12065	-1.65111	-1.77443	-1.85197	-2.35841	-1.93016	-1.89636
-3.93847	-3.90809	-4.40243	-3.88338	-4.0982	-3.89407	-3.93518	-3.63169	-4.05255	-4.04958	-3.84363	-4.14434	-4.08722	-4.01393	-4.25035	-4.154	-3.69089	-4.07296	-4.2447	-4.05278	-3.97533	-4.27026	-4.22789	-4.0912	-3.87024	-4.02335	-3.62748	-3.37975	-3.40825	-3.29514	-2.25576	-2.40161	-2.16609	-1.73184	-1.82316	-1.38231	-2.0834	-1.86512	-1.0828	-1.99239	-1.31338	-1.4925	-1.4948	-2.1045	-1.72216	-1.68752
-3.0583	-3.16708	-3.53229	-3.20128	-3.19889	-3.18245	-3.1514	-2.89596	-3.27267	-3.36505	-3.20312	-3.4738	-3.21716	-3.30833	-3.48507	-3.38951	-3.01329	-3.4694	-3.63384	-3.39843	-3.13141	-3.60795	-3.4302	-3.49653	-3.07741	-3.25354	-2.84425	-2.7327	-2.6997	-2.63898	-1.81642	-1.85366	-1.75679	-1.00417	-1.26232	-0.8534	-1.65694	-1.32791	-0.58279	-1.35886	-0.99781	-1.25262	-1.13535	-1.78603	-1.38393	-1.30851
-2.14758	-2.13473	-2.61577	-2.36909	-2.12602	-2.27076	-2.34656	-2.10072	-2.38073	-2.51319	-2.44591	-2.55688	-2.151	-2.34343	-2.67206	-2.79514	-2.30892	-2.79828	-2.91019	-2.70462	-2.1118	-2.92594	-2.63312	-2.8915	-2.44698	-2.47229	-2.17696	-2.11114	-2.16286	-2.05439	-1.22554	-1.51767	-1.05404	-0.4317	-0.67864	-0.1632	-1.36246	-0.53452	-0.27409	-0.8312	-0.68836	-1.01325	-0.92786	-1.24015	-0.89908	-0.71471
-1.31508	-0.93455	-1.4667	-1.28222	-0.98662	-1.12525	-1.47198	-1.18558	-1.33481	-1.44055	-1.32362	-1.57051	-1.16242	-1.34938	-1.97608	-1.93531	-1.38042	-1.89144	-1.85427	-1.7976	-1.47512	-2.14566	-1.75579	-2.09856	-1.61621	-1.58914	-1.29325	-1.40312	-1.44868	-1.52336	-0.61545	-0.88468	-0.51076	-0.07454	-0.0548	0.37221	-0.89774	-0.13088	0.04903	-0.41194	-0.28075	-0.30737	-0.41064	-0.59695	-0.37387	-0.21896
-0.14401	0.30535	-0.20985	-0.09788	0.225	-0.08287	-0.35529	-0.04151	-0.03278	-0.2568	-0.31466	-0.47809	-0.33365	-0.313	-0.997	-0.76727	-0.40679	-0.85807	-0.90736	-0.79234	-0.66573	-1.10235	-1.12207	-1.18038	-0.98936	-0.45172	-0.31747	-0.79037	-0.70547	-0.88118	0.03911	-0.44808	0.08096	0.3098	0.53043	0.79377	-0.44212	0.42119	0.58915	0.09973	0.1654	0.17698	0.13901	-0.02784	0.46011	0.32965
1.13235	1.48528	1.06039	1.2364	1.55059	1.11454	1.16356	0.86847	1.46699	0.91437	0.69689	0.52713	0.67852	0.90008	0.05568	0.31095	0.41494	0.10176	0.06798	0.25096	0.26538	-0.00896	0.02455	-0.08992	-0.12051	0.28458	0.39855	-0.2158	-0.09817	-0.31468	0.63443	-0.10645	0.401	0.95242	1.30584	0.96857	0.2964	1.1642	0.98897	0.51647	0.41885	0.62278	0.55232	0.39181	0.95766	0.55829
2.39685	3.03169	2.72648	2.79273	2.91134	2.371	2.75321	2.11864	3.14086	2.02684	2.00933	1.83337	1.91238	2.09708	1.40073	1.76217	1.80592	1.41287	1.10583	1.44142	1.12607	1.08706	1.08071	1.11413	1.00703	1.06542	1.27376	0.58654	0.79422	0.41408	1.23776	0.35557	0.92809	1.52141	1.93024	1.25717	1.1715	1.76533	1.29157	1.07799	0.56575	1.25242	0.80633	0.94497	1.50193	1.02296
3.96899	4.42875	4.36336	4.23451	4.34909	3.90294	4.12786	3.72413	4.61022	3.52204	3.30007	3.43753	3.32716	3.41421	2.87362	3.14557	3.06698	2.75554	2.70287	2.60442	2.34246	2.25029	2.27333	2.09659	2.01149	2.03999	2.43852	1.54857	1.50196	1.27221	1.79653	1.06595	1.38418	2.22049	2.46338	1.69453	1.82868	2.2634	1.93681	1.52639	1.12645	1.89703	1.11337	1.43177	2.05967	1.56147
5.66738	6.12953	6.00179	5.91132	5.8797	5.47928	5.5925	5.11049	6.12024	4.84002	4.92379	5.12513	4.83543	4.72266	4.55551	4.58864	4.38117	4.12479	4.07431	4.1334	3.33168	3.62061	3.59248	3.12208	3.09174	2.89003	3.4433	2.0729	2.15454	1.94658	2.57009	2.14468	2.10863	2.47846	3.05059	2.04301	2.38019	2.90947	2.77393	1.66106	1.55203	2.23239	1.45562	2.00555	2.5789	1.91693
7.3704	7.83462	7.85967	7.76106	7.49151	6.91269	7.23704	7.04903	7.61481	6.18726	6.41984	6.79423	6.2436	6.4004	6.27126	6.35057	5.87977	5.68854	5.32781	5.46383	4.61121	5.20658	5.0086	4.01941	4.69452	4.061	4.65872	2.89145	3.01087	2.9833	3.59324	2.86832	2.78527	3.25209	3.63098	2.44059	3.3129	3.20377	3.62193	2.27576	2.23964	2.35616	1.9568	2.50273	3.46058	2.25765
9.21533	9.63549	9.78508	9.45693	9.0801	8.45134	9.30231	9.05264	9.33842	7.8745	8.14766	8.33149	8.11635	7.5881	7.9391	8.23915	7.34827	7.41215	6.55173	6.80902	6.59479	6.45654	6.35787	5.54188	6.16117	5.15285	5.57384	3.95577	3.98435	4.06182	4.49841	3.58503	3.42561	3.90576	4.483	3.0518	4.13325	4.29727	4.53648	2.86236	2.76711	2.39318	1.83877	2.76948	3.75665	2.82389
11.1649	11.5544	11.7729	11.2756	10.8579	10.4655	10.9002	10.8197	10.9131	9.64794	10.1083	9.68466	10.2933	9.30986	9.59068	9.75161	8.89213	9.3737	8.06366	8.261	8.14382	7.35774	8.01091	6.92067	7.63883	6.21396	7.09207	5.37759	4.83678	5.12472	5.25576	4.07593	3.87551	4.28768	5.25591	3.76267	4.555	4.93379	5.46445	3.61466	3.52314	3.07199	2.45488	3.27496	4.26969	3.25607
12.7298	13.5549	13.676	12.8433	12.4659	11.74	12.3049	12.6374	12.2917	11.5276	11.8122	11.2129	11.6606	11.1707	11.2683	11.3357	10.5876	11.241	9.45773	9.45683	9.20698	9.14297	9.50524	8.00956	8.96376	7.83056	8.16069	6.71433	6.00655	6.26842	5.4964	4.41366	4.88056	5.1645	6.17867	4.76971	4.73538	5.74178	6.04473	3.98559	4.88015	3.61898	3.68715	4.28969	4.96212	3.30706